0000 5
0001 0
0002 4
0003 1
0004 9
0005 2
0006 1
0007 3
0008 1
0009 4
0010 3
0011 5
0012 3
0013 6
0014 1
0015 7
0016 2
0017 8
0018 6
0019 9
0020 4
0021 0
0022 9
0023 1
0024 1
0025 2
0026 4
0027 3
0028 2
0029 7
0030 3
0031 8
0032 6
0033 9
0034 0
0035 5
0036 6
0037 0
0038 7
0039 6
0040 1
0041 8
0042 7
0043 9
0044 3
0045 9
0046 8
0047 5
0048 9
0049 3
0050 3
0051 0
0052 7
0053 4
0054 9
0055 8
0056 0
0057 9
0058 4
0059 1
0060 4
0061 4
0062 6
0063 0
0064 4
0065 5
0066 6
0067 1
0068 0
0069 0
0070 1
0071 7
0072 1
0073 6
0074 3
0075 0
0076 2
0077 1
0078 1
0079 7
0080 9
0081 0
0082 2
0083 6
0084 7
0085 8
0086 3
0087 9
0088 0
0089 4
0090 6
0091 7
0092 4
0093 6
0094 8
0095 0
0096 7
0097 8
0098 3
0099 1
0100 5
0101 7
0102 1
0103 7
0104 1
0105 1
0106 6
0107 3
0108 0
0109 2
0110 9
0111 3
0112 1
0113 1
0114 0
0115 4
0116 9
0117 2
0118 0
0119 0
0120 2
0121 0
0122 2
0123 7
0124 1
0125 8
0126 6
0127 4
0128 1
0129 6
0130 3
0131 4
0132 5
0133 9
0134 1
0135 3
0136 3
0137 8
0138 5
0139 4
0140 7
0141 7
0142 4
0143 2
0144 8
0145 5
0146 8
0147 6
0148 7
0149 3
0150 4
0151 6
0152 1
0153 9
0154 9
0155 6
0156 0
0157 3
0158 7
0159 2
0160 8
0161 2
0162 9
0163 4
0164 4
0165 6
0166 4
0167 9
0168 7
0169 0
0170 9
0171 2
0172 9
0173 5
0174 1
0175 5
0176 9
0177 1
0178 2
0179 3
0180 2
0181 3
0182 5
0183 9
0184 1
0185 7
0186 6
0187 2
0188 8
0189 2
0190 2
0191 5
0192 0
0193 7
0194 4
0195 9
0196 7
0197 8
0198 3
0199 2
0200 1
0201 1
0202 8
0203 3
0204 6
0205 1
0206 0
0207 3
0208 1
0209 0
0210 0
0211 1
0212 7
0213 2
0214 7
0215 3
0216 0
0217 4
0218 6
0219 5
0220 2
0221 6
0222 4
0223 7
0224 1
0225 8
0226 9
0227 9
0228 3
0229 0
0230 7
0231 1
0232 0
0233 2
0234 0
0235 3
0236 5
0237 4
0238 6
0239 5
0240 8
0241 6
0242 3
0243 7
0244 5
0245 8
0246 0
0247 9
0248 1
0249 0
0250 3
0251 1
0252 2
0253 2
0254 3
0255 3
0256 6
0257 4
0258 7
0259 5
0260 0
0261 6
0262 2
0263 7
0264 9
0265 8
0266 5
0267 9
0268 2
0269 1
0270 1
0271 4
0272 4
0273 5
0274 6
0275 4
0276 1
0277 2
0278 5
0279 3
0280 9
0281 3
0282 9
0283 0
0284 5
0285 9
0286 6
0287 5
0288 7
0289 4
0290 1
0291 3
0292 4
0293 0
0294 4
0295 8
0296 0
0297 4
0298 3
0299 6
0300 8
0301 7
0302 6
0303 0
0304 9
0305 7
0306 5
0307 7
0308 2
0309 1
0310 1
0311 6
0312 8
0313 9
0314 4
0315 1
0316 5
0317 2
0318 2
0319 9
0320 0
0321 3
0322 9
0323 6
0324 7
0325 2
0326 0
0327 3
0328 5
0329 4
0330 3
0331 6
0332 5
0333 8
0334 9
0335 5
0336 4
0337 7
0338 4
0339 2
0340 7
0341 3
0342 4
0343 8
0344 9
0345 1
0346 9
0347 2
0348 8
0349 7
0350 9
0351 1
0352 8
0353 7
0354 4
0355 1
0356 3
0357 1
0358 1
0359 0
0360 2
0361 3
0362 9
0363 4
0364 9
0365 2
0366 1
0367 6
0368 8
0369 4
0370 7
0371 7
0372 4
0373 4
0374 9
0375 2
0376 5
0377 7
0378 2
0379 4
0380 4
0381 2
0382 1
0383 9
0384 7
0385 2
0386 8
0387 7
0388 6
0389 9
0390 2
0391 2
0392 3
0393 8
0394 1
0395 6
0396 5
0397 1
0398 1
0399 0
0400 2
0401 6
0402 4
0403 5
0404 8
0405 3
0406 1
0407 5
0408 1
0409 9
0410 2
0411 7
0412 4
0413 4
0414 4
0415 8
0416 1
0417 5
0418 8
0419 9
0420 5
0421 6
0422 7
0423 9
0424 9
0425 3
0426 7
0427 0
0428 9
0429 0
0430 6
0431 6
0432 2
0433 3
0434 9
0435 0
0436 7
0437 5
0438 4
0439 8
0440 0
0441 9
0442 4
0443 1
0444 2
0445 8
0446 7
0447 1
0448 2
0449 6
0450 1
0451 0
0452 3
0453 0
0454 1
0455 1
0456 8
0457 2
0458 0
0459 3
0460 9
0461 4
0462 0
0463 5
0464 0
0465 6
0466 1
0467 7
0468 7
0469 8
0470 1
0471 9
0472 2
0473 0
0474 5
0475 1
0476 2
0477 2
0478 7
0479 3
0480 5
0481 4
0482 9
0483 7
0484 1
0485 8
0486 3
0487 9
0488 6
0489 0
0490 3
0491 1
0492 1
0493 2
0494 6
0495 3
0496 5
0497 7
0498 6
0499 8
0500 3
0501 9
0502 5
0503 8
0504 5
0505 7
0506 6
0507 1
0508 1
0509 3
0510 1
0511 7
0512 5
0513 5
0514 5
0515 2
0516 5
0517 8
0518 7
0519 0
0520 9
0521 7
0522 7
0523 5
0524 0
0525 9
0526 0
0527 0
0528 8
0529 9
0530 2
0531 4
0532 8
0533 1
0534 6
0535 1
0536 6
0537 5
0538 1
0539 8
0540 3
0541 4
0542 0
0543 5
0544 5
0545 8
0546 3
0547 6
0548 2
0549 3
0550 9
0551 2
0552 1
0553 1
0554 5
0555 2
0556 1
0557 3
0558 2
0559 8
0560 7
0561 3
0562 7
0563 2
0564 4
0565 6
0566 9
0567 7
0568 2
0569 4
0570 2
0571 8
0572 1
0573 1
0574 3
0575 8
0576 4
0577 0
0578 6
0579 5
0580 9
0581 3
0582 0
0583 9
0584 2
0585 4
0586 7
0587 1
0588 2
0589 9
0590 4
0591 2
0592 6
0593 1
0594 8
0595 9
0596 0
0597 6
0598 6
0599 7
0600 9
0601 9
0602 8
0603 0
0604 1
0605 4
0606 4
0607 6
0608 7
0609 1
0610 5
0611 7
0612 0
0613 3
0614 5
0615 8
0616 4
0617 7
0618 1
0619 2
0620 5
0621 9
0622 5
0623 6
0624 7
0625 5
0626 9
0627 8
0628 8
0629 3
0630 6
0631 9
0632 7
0633 0
0634 7
0635 5
0636 7
0637 1
0638 1
0639 0
0640 7
0641 9
0642 2
0643 3
0644 7
0645 3
0646 2
0647 4
0648 1
0649 6
0650 2
0651 7
0652 5
0653 5
0654 7
0655 4
0656 0
0657 2
0658 6
0659 3
0660 6
0661 4
0662 0
0663 4
0664 2
0665 6
0666 0
0667 0
0668 0
0669 0
0670 3
0671 1
0672 6
0673 2
0674 2
0675 3
0676 1
0677 4
0678 1
0679 5
0680 4
0681 6
0682 4
0683 7
0684 2
0685 8
0686 7
0687 9
0688 2
0689 0
0690 5
0691 1
0692 4
0693 2
0694 8
0695 3
0696 2
0697 4
0698 1
0699 5
0700 4
0701 6
0702 0
0703 7
0704 9
0705 8
0706 4
0707 9
0708 8
0709 0
0710 1
0711 1
0712 0
0713 2
0714 2
0715 3
0716 2
0717 4
0718 4
0719 5
0720 8
0721 6
0722 5
0723 7
0724 7
0725 8
0726 8
0727 9
0728 7
0729 4
0730 7
0731 3
0732 2
0733 0
0734 8
0735 6
0736 8
0737 6
0738 1
0739 6
0740 8
0741 9
0742 4
0743 0
0744 9
0745 0
0746 4
0747 1
0748 5
0749 4
0750 7
0751 5
0752 3
0753 7
0754 4
0755 9
0756 8
0757 5
0758 8
0759 6
0760 3
0761 8
0762 6
0763 9
0764 9
0765 1
0766 8
0767 3
0768 5
0769 8
0770 6
0771 5
0772 9
0773 7
0774 2
0775 5
0776 0
0777 8
0778 5
0779 1
0780 1
0781 0
0782 9
0783 1
0784 8
0785 6
0786 7
0787 0
0788 9
0789 3
0790 0
0791 8
0792 8
0793 9
0794 6
0795 7
0796 8
0797 4
0798 7
0799 5
0800 9
0801 2
0802 6
0803 7
0804 4
0805 5
0806 9
0807 2
0808 3
0809 1
0810 6
0811 3
0812 9
0813 2
0814 2
0815 5
0816 6
0817 8
0818 0
0819 7
0820 7
0821 1
0822 9
0823 8
0824 7
0825 0
0826 9
0827 9
0828 4
0829 6
0830 2
0831 8
0832 5
0833 1
0834 4
0835 1
0836 5
0837 5
0838 1
0839 7
0840 3
0841 6
0842 4
0843 3
0844 2
0845 5
0846 6
0847 4
0848 4
0849 0
0850 4
0851 4
0852 6
0853 7
0854 2
0855 4
0856 3
0857 3
0858 8
0859 0
0860 0
0861 3
0862 2
0863 2
0864 9
0865 8
0866 2
0867 3
0868 7
0869 0
0870 1
0871 1
0872 0
0873 2
0874 3
0875 3
0876 8
0877 4
0878 3
0879 5
0880 7
0881 6
0882 4
0883 7
0884 7
0885 8
0886 5
0887 9
0888 7
0889 0
0890 3
0891 1
0892 6
0893 2
0894 4
0895 3
0896 4
0897 4
0898 7
0899 5
0900 9
0901 6
0902 9
0903 0
0904 7
0905 1
0906 4
0907 2
0908 7
0909 3
0910 6
0911 7
0912 5
0913 8
0914 4
0915 5
0916 5
0917 2
0918 7
0919 1
0920 1
0921 5
0922 6
0923 8
0924 5
0925 8
0926 4
0927 0
0928 7
0929 9
0930 9
0931 2
0932 9
0933 7
0934 7
0935 8
0936 7
0937 4
0938 2
0939 6
0940 9
0941 1
0942 7
0943 0
0944 6
0945 4
0946 2
0947 5
0948 7
0949 0
0950 7
0951 1
0952 0
0953 3
0954 7
0955 6
0956 5
0957 0
0958 6
0959 1
0960 5
0961 1
0962 7
0963 8
0964 5
0965 0
0966 3
0967 4
0968 7
0969 7
0970 5
0971 7
0972 8
0973 6
0974 9
0975 3
0976 8
0977 6
0978 1
0979 0
0980 9
0981 7
0982 1
0983 3
0984 0
0985 5
0986 6
0987 4
0988 4
0989 2
0990 4
0991 4
0992 3
0993 1
0994 7
0995 7
0996 6
0997 0
0998 3
0999 6
1000 0
1001 7
1002 1
1003 1
1004 4
1005 9
1006 4
1007 3
1008 4
1009 8
1010 2
1011 2
1012 1
1013 8
1014 7
1015 0
1016 8
1017 1
1018 0
1019 7
1020 6
1021 3
1022 7
1023 7
1024 5
1025 8
1026 8
1027 9
1028 0
1029 0
1030 4
1031 1
1032 5
1033 2
1034 2
1035 3
1036 9
1037 4
1038 9
1039 5
1040 0
1041 6
1042 7
1043 7
1044 1
1045 8
1046 0
1047 2
1048 2
1049 0
1050 4
1051 1
1052 1
1053 2
1054 7
1055 3
1056 9
1057 7
1058 2
1059 8
1060 1
1061 9
1062 5
1063 8
1064 8
1065 1
1066 9
1067 8
1068 3
1069 1
1070 6
1071 5
1072 7
1073 4
1074 2
1075 7
1076 0
1077 3
1078 0
1079 4
1080 1
1081 1
1082 7
1083 9
1084 1
1085 1
1086 8
1087 5
1088 7
1089 5
1090 0
1091 6
1092 6
1093 0
1094 4
1095 1
1096 2
1097 3
1098 4
1099 4
1100 6
1101 8
1102 0
1103 9
1104 5
1105 8
1106 7
1107 0
1108 3
1109 5
1110 4
1111 5
1112 9
1113 6
1114 7
1115 1
1116 9
1117 6
1118 1
1119 3
1120 8
1121 3
1122 9
1123 1
1124 2
1125 7
1126 7
1127 7
1128 0
1129 2
1130 3
1131 1
1132 1
1133 4
1134 2
1135 5
1136 6
1137 0
1138 9
1139 6
1140 2
1141 8
1142 9
1143 2
1144 3
1145 3
1146 6
1147 9
1148 1
1149 4
1150 3
1151 3
1152 0
1153 7
1154 7
1155 1
1156 7
1157 7
1158 3
1159 6
1160 4
1161 9
1162 5
1163 4
1164 4
1165 2
1166 7
1167 9
1168 0
1169 9
1170 8
1171 4
1172 4
1173 9
1174 1
1175 2
1176 4
1177 9
1178 3
1179 0
1180 4
1181 1
1182 6
1183 2
1184 6
1185 3
1186 7
1187 4
1188 2
1189 6
1190 6
1191 7
1192 1
1193 8
1194 9
1195 0
1196 4
1197 1
1198 4
1199 2
1200 1
1201 3
1202 6
1203 4
1204 6
1205 7
1206 5
1207 8
1208 7
1209 0
1210 5
1211 1
1212 4
1213 2
1214 8
1215 4
1216 7
1217 7
1218 3
1219 8
1220 4
1221 9
1222 5
1223 8
1224 6
1225 7
1226 3
1227 4
1228 6
1229 7
1230 1
1231 7
1232 4
1233 3
1234 3
1235 9
1236 8
1237 8
1238 1
1239 8
1240 6
1241 3
1242 1
1243 1
1244 3
1245 5
1246 2
1247 8
1248 4
1249 2
1250 9
1251 7
1252 1
1253 4
1254 8
1255 2
1256 9
1257 6
1258 4
1259 1
1260 3
1261 4
1262 2
1263 5
1264 2
1265 5
1266 6
1267 8
1268 0
1269 6
1270 2
1271 4
1272 9
1273 4
1274 9
1275 4
1276 5
1277 1
1278 5
1279 8
1280 4
1281 7
1282 9
1283 5
1284 9
1285 5
1286 9
1287 1
1288 5
1289 8
1290 3
1291 9
1292 9
1293 1
1294 8
1295 3
1296 8
1297 6
1298 5
1299 2
1300 7
1301 2
1302 7
1303 6
1304 0
1305 9
1306 7
1307 9
1308 4
1309 6
1310 0
1311 5
1312 3
1313 5
1314 7
1315 3
1316 9
1317 3
1318 6
1319 8
1320 3
1321 1
1322 7
1323 6
1324 5
1325 5
1326 7
1327 6
1328 5
1329 8
1330 2
1331 1
1332 7
1333 9
1334 2
1335 7
1336 3
1337 6
1338 7
1339 8
1340 5
1341 3
1342 7
1343 7
1344 8
1345 4
1346 0
1347 7
1348 3
1349 0
1350 6
1351 3
1352 9
1353 7
1354 1
1355 9
1356 5
1357 3
1358 6
1359 0
1360 9
1361 2
1362 8
1363 0
1364 9
1365 1
1366 6
1367 0
1368 0
1369 1
1370 9
1371 0
1372 0
1373 4
1374 2
1375 1
1376 7
1377 0
1378 3
1379 4
1380 4
1381 7
1382 5
1383 9
1384 8
1385 2
1386 0
1387 0
1388 8
1389 6
1390 2
1391 2
1392 7
1393 6
1394 1
1395 2
1396 9
1397 2
1398 6
1399 9
1400 7
1401 9
1402 5
1403 0
1404 8
1405 1
1406 5
1407 2
1408 4
1409 3
1410 9
1411 4
1412 7
1413 5
1414 6
1415 6
1416 7
1417 7
1418 6
1419 8
1420 5
1421 9
1422 7
1423 0
1424 6
1425 1
1426 9
1427 2
1428 3
1429 3
1430 5
1431 4
1432 3
1433 5
1434 8
1435 6
1436 3
1437 7
1438 2
1439 8
1440 4
1441 9
1442 5
1443 0
1444 2
1445 1
1446 4
1447 2
1448 4
1449 3
1450 1
1451 7
1452 1
1453 8
1454 0
1455 9
1456 6
1457 8
1458 1
1459 9
1460 4
1461 4
1462 9
1463 1
1464 8
1465 9
1466 6
1467 5
1468 5
1469 3
1470 3
1471 0
1472 1
1473 4
1474 3
1475 8
1476 3
1477 4
1478 2
1479 0
1480 7
1481 5
1482 5
1483 1
1484 8
1485 5
1486 3
1487 4
1488 6
1489 0
1490 5
1491 7
1492 2
1493 6
1494 6
1495 0
1496 1
1497 1
1498 4
1499 7
1500 9
1501 0
1502 0
1503 6
1504 6
1505 8
1506 6
1507 9
1508 4
1509 5
1510 2
1511 4
1512 0
1513 7
1514 5
1515 6
1516 5
1517 0
1518 9
1519 8
1520 6
1521 1
1522 9
1523 7
1524 5
1525 7
1526 5
1527 1
1528 1
1529 3
1530 0
1531 2
1532 0
1533 3
1534 8
1535 1
1536 6
1537 4
1538 6
1539 2
1540 6
1541 4
1542 8
1543 8
1544 1
1545 4
1546 4
1547 7
1548 1
1549 2
1550 2
1551 3
1552 9
1553 6
1554 4
1555 9
1556 5
1557 6
1558 2
1559 3
1560 9
1561 2
1562 6
1563 2
1564 7
1565 4
1566 3
1567 6
1568 4
1569 9
1570 7
1571 0
1572 2
1573 2
1574 9
1575 5
1576 4
1577 5
1578 0
1579 1
1580 4
1581 3
1582 6
1583 3
1584 2
1585 9
1586 7
1587 5
1588 3
1589 7
1590 0
1591 9
1592 5
1593 8
1594 3
1595 2
1596 0
1597 1
1598 8
1599 3
1600 0
1601 1
1602 2
1603 3
1604 4
1605 0
1606 0
1607 1
1608 7
1609 2
1610 9
1611 3
1612 9
1613 4
1614 2
1615 5
1616 8
1617 6
1618 7
1619 7
1620 9
1621 8
1622 9
1623 9
1624 2
1625 0
1626 0
1627 1
1628 4
1629 2
1630 4
1631 3
1632 9
1633 4
1634 3
1635 5
1636 7
1637 6
1638 5
1639 7
1640 1
1641 8
1642 6
1643 9
1644 3
1645 0
1646 4
1647 1
1648 2
1649 2
1650 5
1651 3
1652 7
1653 4
1654 1
1655 7
1656 7
1657 8
1658 1
1659 9
1660 2
1661 3
1662 2
1663 4
1664 0
1665 1
1666 8
1667 4
1668 3
1669 6
1670 5
1671 6
1672 4
1673 7
1674 9
1675 3
1676 1
1677 3
1678 0
1679 2
1680 1
1681 1
1682 0
1683 9
1684 9
1685 4
1686 6
1687 7
1688 6
1689 3
1690 5
1691 5
1692 4
1693 4
1694 6
1695 9
1696 1
1697 1
1698 3
1699 1
1700 1
1701 0
1702 5
1703 1
1704 4
1705 4
1706 6
1707 6
1708 6
1709 0
1710 1
1711 2
1712 0
1713 8
1714 2
1715 2
1716 1
1717 1
1718 3
1719 7
1720 9
1721 5
1722 3
1723 0
1724 2
1725 0
1726 6
1727 2
1728 9
1729 0
1730 7
1731 6
1732 9
1733 9
1734 1
1735 2
1736 9
1737 3
1738 4
1739 7
1740 9
1741 6
1742 0
1743 9
1744 4
1745 8
1746 7
1747 7
1748 9
1749 8
1750 6
1751 9
1752 5
1753 2
1754 2
1755 2
1756 3
1757 9
1758 8
1759 8
1760 8
1761 6
1762 4
1763 4
1764 4
1765 4
1766 2
1767 4
1768 6
1769 0
1770 7
1771 0
1772 7
1773 8
1774 2
1775 0
1776 8
1777 8
1778 3
1779 6
1780 8
1781 6
1782 6
1783 8
1784 6
1785 5
1786 1
1787 1
1788 8
1789 7
1790 8
1791 3
1792 6
1793 8
1794 9
1795 5
1796 0
1797 0
1798 0
1799 3
1800 2
1801 6
1802 6
1803 7
1804 8
1805 3
1806 5
1807 1
1808 4
1809 3
1810 5
1811 9
1812 4
1813 5
1814 4
1815 1
1816 1
1817 5
1818 4
1819 0
1820 9
1821 7
1822 1
1823 2
1824 5
1825 7
1826 9
1827 4
1828 0
1829 3
1830 6
1831 1
1832 7
1833 7
1834 5
1835 6
1836 3
1837 0
1838 1
1839 1
1840 4
1841 2
1842 4
1843 3
1844 6
1845 4
1846 7
1847 5
1848 7
1849 6
1850 9
1851 7
1852 2
1853 8
1854 4
1855 9
1856 8
1857 0
1858 7
1859 1
1860 1
1861 2
1862 3
1863 3
1864 5
1865 4
1866 6
1867 5
1868 0
1869 6
1870 3
1871 7
1872 3
1873 8
1874 2
1875 9
1876 0
1877 0
1878 9
1879 1
1880 2
1881 2
1882 9
1883 3
1884 9
1885 4
1886 6
1887 5
1888 2
1889 6
1890 6
1891 7
1892 6
1893 8
1894 2
1895 9
1896 2
1897 0
1898 6
1899 7
1900 2
1901 8
1902 6
1903 9
1904 0
1905 9
1906 6
1907 0
1908 3
1909 1
1910 1
1911 4
1912 9
1913 5
1914 8
1915 1
1916 0
1917 6
1918 6
1919 7
1920 2
1921 3
1922 4
1923 2
1924 3
1925 9
1926 0
1927 0
1928 4
1929 5
1930 0
1931 6
1932 4
1933 7
1934 4
1935 3
1936 1
1937 9
1938 3
1939 9
1940 9
1941 3
1942 1
1943 8
1944 7
1945 1
1946 7
1947 2
1948 8
1949 9
1950 9
1951 6
1952 2
1953 7
1954 2
1955 5
1956 0
1957 6
1958 7
1959 3
1960 9
1961 5
1962 9
1963 0
1964 8
1965 5
1966 8
1967 4
1968 9
1969 0
1970 5
1971 3
1972 2
1973 4
1974 8
1975 7
1976 4
1977 1
1978 5
1979 4
1980 6
1981 3
1982 7
1983 7
1984 9
1985 6
1986 6
1987 2
1988 2
1989 1
1990 6
1991 5
1992 4
1993 5
1994 3
1995 0
1996 5
1997 5
1998 2
1999 0
2000 5
2001 8
2002 8
2003 4
2004 2
2005 6
2006 9
2007 7
2008 1
2009 0
2010 2
2011 3
2012 1
2013 8
2014 7
2015 1
2016 8
2017 2
2018 7
2019 2
2020 6
2021 3
2022 2
2023 3
2024 7
2025 6
2026 8
2027 7
2028 5
2029 3
2030 8
2031 4
2032 4
2033 9
2034 4
2035 6
2036 4
2037 5
2038 5
2039 1
2040 1
2041 9
2042 3
2043 8
2044 6
2045 1
2046 4
2047 1
2048 7
2049 5
2050 4
2051 0
2052 4
2053 2
2054 7
2055 7
2056 5
2057 8
2058 0
2059 6
2060 9
2061 6
2062 6
2063 8
2064 7
2065 2
2066 0
2067 8
2068 8
2069 4
2070 8
2071 4
2072 4
2073 2
2074 3
2075 2
2076 3
2077 8
2078 2
2079 0
2080 5
2081 0
2082 0
2083 1
2084 0
2085 2
2086 1
2087 3
2088 3
2089 4
2090 7
2091 5
2092 3
2093 6
2094 1
2095 7
2096 6
2097 8
2098 3
2099 9
2100 0
2101 0
2102 7
2103 1
2104 2
2105 2
2106 4
2107 3
2108 7
2109 4
2110 1
2111 5
2112 0
2113 6
2114 3
2115 7
2116 9
2117 8
2118 7
2119 9
2120 5
2121 0
2122 1
2123 1
2124 8
2125 2
2126 6
2127 3
2128 3
2129 4
2130 3
2131 5
2132 3
2133 7
2134 1
2135 8
2136 1
2137 9
2138 6
2139 8
2140 9
2141 9
2142 7
2143 5
2144 0
2145 7
2146 3
2147 0
2148 6
2149 3
2150 8
2151 1
2152 6
2153 6
2154 1
2155 8
2156 6
2157 4
2158 6
2159 1
2160 0
2161 7
2162 1
2163 6
2164 4
2165 5
2166 1
2167 6
2168 7
2169 4
2170 8
2171 2
2172 5
2173 7
2174 3
2175 8
2176 4
2177 1
2178 6
2179 3
2180 3
2181 4
2182 5
2183 3
2184 2
2185 4
2186 5
2187 7
2188 1
2189 2
2190 4
2191 0
2192 0
2193 5
2194 8
2195 0
2196 6
2197 1
2198 1
2199 9
2200 3
2201 2
2202 1
2203 3
2204 4
2205 2
2206 4
2207 3
2208 4
2209 5
2210 8
2211 5
2212 6
2213 7
2214 6
2215 8
2216 9
2217 4
2218 0
2219 9
2220 4
2221 9
2222 4
2223 7
2224 4
2225 1
2226 6
2227 1
2228 3
2229 7
2230 3
2231 8
2232 3
2233 3
2234 2
2235 4
2236 4
2237 8
2238 7
2239 6
2240 4
2241 3
2242 6
2243 8
2244 7
2245 0
2246 7
2247 9
2248 5
2249 6
2250 5
2251 2
2252 3
2253 0
2254 4
2255 1
2256 4
2257 0
2258 5
2259 6
2260 1
2261 2
2262 6
2263 3
2264 4
2265 8
2266 5
2267 9
2268 5
2269 0
2270 2
2271 7
2272 5
2273 2
2274 9
2275 3
2276 4
2277 4
2278 0
2279 5
2280 2
2281 5
2282 5
2283 2
2284 9
2285 8
2286 3
2287 5
2288 2
2289 4
2290 4
2291 6
2292 7
2293 6
2294 4
2295 6
2296 6
2297 7
2298 0
2299 9
2300 6
2301 1
2302 8
2303 8
2304 5
2305 2
2306 1
2307 1
2308 5
2309 2
2310 0
2311 6
2312 9
2313 5
2314 2
2315 3
2316 1
2317 4
2318 1
2319 7
2320 6
2321 9
2322 2
2323 4
2324 6
2325 0
2326 1
2327 0
2328 5
2329 5
2330 5
2331 9
2332 2
2333 0
2334 4
2335 1
2336 1
2337 2
2338 4
2339 3
2340 0
2341 4
2342 2
2343 5
2344 7
2345 6
2346 2
2347 7
2348 7
2349 8
2350 3
2351 9
2352 0
2353 0
2354 2
2355 1
2356 1
2357 2
2358 8
2359 3
2360 4
2361 4
2362 1
2363 5
2364 9
2365 6
2366 1
2367 7
2368 5
2369 8
2370 9
2371 9
2372 6
2373 0
2374 1
2375 1
2376 7
2377 2
2378 8
2379 3
2380 7
2381 7
2382 8
2383 8
2384 8
2385 9
2386 7
2387 6
2388 8
2389 2
2390 4
2391 7
2392 4
2393 1
2394 8
2395 5
2396 0
2397 6
2398 9
2399 2
2400 8
2401 5
2402 2
2403 0
2404 0
2405 5
2406 4
2407 4
2408 3
2409 2
2410 1
2411 0
2412 5
2413 8
2414 5
2415 1
2416 4
2417 7
2418 2
2419 1
2420 4
2421 8
2422 6
2423 3
2424 4
2425 8
2426 1
2427 7
2428 5
2429 1
2430 3
2431 7
2432 1
2433 7
2434 9
2435 0
2436 0
2437 1
2438 9
2439 4
2440 0
2441 4
2442 8
2443 4
2444 8
2445 5
2446 1
2447 7
2448 1
2449 4
2450 2
2451 4
2452 4
2453 9
2454 2
2455 7
2456 3
2457 2
2458 4
2459 6
2460 9
2461 5
2462 1
2463 3
2464 2
2465 9
2466 4
2467 4
2468 3
2469 3
2470 6
2471 9
2472 2
2473 0
2474 6
2475 8
2476 8
2477 7
2478 5
2479 6
2480 6
2481 3
2482 8
2483 0
2484 4
2485 4
2486 6
2487 6
2488 7
2489 3
2490 4
2491 7
2492 7
2493 0
2494 6
2495 1
2496 6
2497 1
2498 6
2499 2
2500 0
2501 9
2502 7
2503 3
2504 6
2505 1
2506 3
2507 8
2508 2
2509 9
2510 2
2511 8
2512 7
2513 2
2514 9
2515 5
2516 6
2517 2
2518 2
2519 6
2520 4
2521 9
2522 7
2523 6
2524 3
2525 0
2526 0
2527 5
2528 0
2529 3
2530 1
2531 3
2532 0
2533 6
2534 2
2535 3
2536 3
2537 5
2538 0
2539 0
2540 7
2541 3
2542 4
2543 7
2544 5
2545 6
2546 4
2547 1
2548 4
2549 5
2550 2
2551 5
2552 1
2553 9
2554 5
2555 8
2556 6
2557 0
2558 7
2559 9
2560 4
2561 0
2562 9
2563 1
2564 3
2565 2
2566 5
2567 3
2568 3
2569 4
2570 6
2571 5
2572 1
2573 6
2574 7
2575 7
2576 7
2577 8
2578 4
2579 9
2580 3
2581 0
2582 0
2583 1
2584 0
2585 2
2586 0
2587 3
2588 6
2589 4
2590 6
2591 7
2592 5
2593 8
2594 1
2595 9
2596 4
2597 0
2598 8
2599 1
2600 9
2601 2
2602 6
2603 3
2604 1
2605 5
2606 0
2607 6
2608 4
2609 7
2610 8
2611 8
2612 7
2613 9
2614 6
2615 0
2616 1
2617 0
2618 7
2619 1
2620 5
2621 0
2622 5
2623 1
2624 0
2625 2
2626 2
2627 3
2628 8
2629 0
2630 1
2631 6
2632 3
2633 9
2634 7
2635 6
2636 8
2637 6
2638 6
2639 5
2640 9
2641 2
2642 0
2643 9
2644 6
2645 1
2646 5
2647 4
2648 2
2649 9
2650 7
2651 5
2652 3
2653 7
2654 1
2655 5
2656 6
2657 6
2658 7
2659 7
2660 3
2661 3
2662 6
2663 1
2664 2
2665 4
2666 7
2667 1
2668 8
2669 3
2670 2
2671 3
2672 8
2673 7
2674 5
2675 3
2676 7
2677 9
2678 8
2679 8
2680 6
2681 8
2682 8
2683 8
2684 2
2685 8
2686 4
2687 8
2688 1
2689 4
2690 5
2691 7
2692 1
2693 2
2694 2
2695 1
2696 9
2697 9
2698 5
2699 8
2700 2
2701 7
2702 9
2703 9
2704 7
2705 3
2706 7
2707 3
2708 1
2709 0
2710 6
2711 7
2712 9
2713 5
2714 2
2715 4
2716 1
2717 1
2718 0
2719 1
2720 3
2721 2
2722 9
2723 6
2724 4
2725 1
2726 3
2727 5
2728 9
2729 0
2730 1
2731 1
2732 4
2733 2
2734 3
2735 3
2736 0
2737 4
2738 2
2739 5
2740 3
2741 6
2742 4
2743 7
2744 5
2745 0
2746 0
2747 1
2748 2
2749 2
2750 7
2751 3
2752 7
2753 4
2754 7
2755 5
2756 6
2757 6
2758 5
2759 7
2760 3
2761 8
2762 1
2763 9
2764 9
2765 0
2766 7
2767 1
2768 8
2769 2
2770 0
2771 3
2772 4
2773 4
2774 3
2775 5
2776 1
2777 6
2778 7
2779 9
2780 5
2781 8
2782 0
2783 2
2784 1
2785 6
2786 3
2787 9
2788 3
2789 6
2790 2
2791 1
2792 2
2793 9
2794 1
2795 9
2796 3
2797 9
2798 9
2799 4
2800 4
2801 4
2802 2
2803 3
2804 9
2805 8
2806 0
2807 1
2808 4
2809 4
2810 8
2811 1
2812 2
2813 2
2814 7
2815 9
2816 3
2817 0
2818 3
2819 4
2820 3
2821 9
2822 6
2823 1
2824 2
2825 7
2826 0
2827 4
2828 6
2829 4
2830 1
2831 1
2832 4
2833 8
2834 3
2835 7
2836 6
2837 6
2838 2
2839 0
2840 2
2841 8
2842 8
2843 1
2844 7
2845 8
2846 2
2847 2
2848 7
2849 6
2850 6
2851 2
2852 7
2853 1
2854 0
2855 2
2856 4
2857 5
2858 1
2859 4
2860 9
2861 5
2862 6
2863 6
2864 0
2865 7
2866 2
2867 7
2868 5
2869 5
2870 1
2871 3
2872 1
2873 0
2874 4
2875 2
2876 1
2877 2
2878 1
2879 2
2880 6
2881 7
2882 0
2883 3
2884 6
2885 5
2886 3
2887 2
2888 4
2889 1
2890 0
2891 4
2892 2
2893 4
2894 1
2895 3
2896 4
2897 0
2898 6
2899 0
2900 5
2901 8
2902 4
2903 7
2904 0
2905 3
2906 1
2907 1
2908 2
2909 7
2910 6
2911 9
2912 5
2913 6
2914 0
2915 3
2916 5
2917 3
2918 1
2919 0
2920 1
2921 5
2922 4
2923 6
2924 9
2925 6
2926 3
2927 8
2928 5
2929 7
2930 6
2931 3
2932 1
2933 5
2934 9
2935 0
2936 2
2937 1
2938 1
2939 2
2940 8
2941 3
2942 8
2943 4
2944 0
2945 5
2946 5
2947 6
2948 5
2949 7
2950 7
2951 8
2952 0
2953 9
2954 6
2955 0
2956 9
2957 1
2958 8
2959 2
2960 3
2961 3
2962 4
2963 4
2964 3
2965 5
2966 5
2967 6
2968 5
2969 7
2970 1
2971 8
2972 8
2973 9
2974 0
2975 0
2976 2
2977 1
2978 6
2979 2
2980 7
2981 3
2982 7
2983 4
2984 7
2985 7
2986 7
2987 8
2988 1
2989 9
2990 4
2991 8
2992 6
2993 5
2994 1
2995 7
2996 0
2997 9
2998 1
2999 5
3000 9
3001 0
3002 8
3003 8
3004 1
3005 3
3006 2
3007 5
3008 7
3009 4
3010 7
3011 8
3012 0
3013 3
3014 8
3015 0
3016 0
3017 2
3018 4
3019 1
3020 9
3021 0
3022 9
3023 2
3024 0
3025 5
3026 8
3027 8
3028 8
3029 8
3030 9
3031 5
3032 8
3033 3
3034 3
3035 0
3036 6
3037 4
3038 4
3039 4
3040 8
3041 1
3042 2
3043 6
3044 9
3045 1
3046 6
3047 3
3048 3
3049 0
3050 6
3051 3
3052 4
3053 6
3054 2
3055 9
3056 4
3057 3
3058 6
3059 7
3060 7
3061 4
3062 5
3063 9
3064 2
3065 7
3066 8
3067 0
3068 1
3069 9
3070 1
3071 4
3072 4
3073 8
3074 4
3075 3
3076 9
3077 2
3078 2
3079 7
3080 1
3081 7
3082 8
3083 9
3084 9
3085 5
3086 8
3087 7
3088 4
3089 6
3090 9
3091 4
3092 4
3093 8
3094 8
3095 9
3096 6
3097 6
3098 6
3099 9
3100 4
3101 4
3102 2
3103 1
3104 9
3105 2
3106 0
3107 0
3108 3
3109 6
3110 4
3111 1
3112 2
3113 1
3114 8
3115 6
3116 7
3117 4
3118 5
3119 8
3120 1
3121 9
3122 1
3123 6
3124 3
3125 4
3126 5
3127 6
3128 0
3129 5
3130 1
3131 0
3132 1
3133 2
3134 2
3135 0
3136 6
3137 5
3138 4
3139 6
3140 7
3141 5
3142 2
3143 0
3144 8
3145 1
3146 9
3147 2
3148 8
3149 1
3150 3
3151 7
3152 8
3153 8
3154 8
3155 1
3156 2
3157 4
3158 8
3159 3
3160 0
3161 2
3162 7
3163 8
3164 9
3165 2
3166 2
3167 7
3168 8
3169 9
3170 5
3171 3
3172 6
3173 9
3174 3
3175 0
3176 2
3177 1
3178 3
3179 2
3180 5
3181 3
3182 4
3183 4
3184 4
3185 5
3186 9
3187 6
3188 5
3189 7
3190 9
3191 8
3192 3
3193 9
3194 4
3195 0
3196 8
3197 1
3198 0
3199 2
3200 2
3201 3
3202 9
3203 4
3204 5
3205 5
3206 7
3207 6
3208 2
3209 7
3210 7
3211 8
3212 1
3213 0
3214 7
3215 3
3216 5
3217 4
3218 4
3219 5
3220 3
3221 6
3222 4
3223 7
3224 2
3225 8
3226 1
3227 9
3228 7
3229 6
3230 1
3231 0
3232 9
3233 3
3234 1
3235 4
3236 7
3237 1
3238 9
3239 4
3240 4
3241 0
3242 2
3243 8
3244 2
3245 6
3246 7
3247 0
3248 0
3249 7
3250 7
3251 8
3252 7
3253 7
3254 8
3255 7
3256 9
3257 9
3258 3
3259 0
3260 4
3261 4
3262 0
3263 9
3264 3
3265 9
3266 5
3267 7
3268 6
3269 0
3270 7
3271 5
3272 1
3273 8
3274 2
3275 5
3276 7
3277 9
3278 4
3279 8
3280 4
3281 8
3282 7
3283 7
3284 9
3285 5
3286 0
3287 6
3288 6
3289 5
3290 4
3291 3
3292 9
3293 8
3294 6
3295 1
3296 9
3297 6
3298 7
3299 8
3300 2
3301 5
3302 9
3303 9
3304 2
3305 2
3306 1
3307 2
3308 2
3309 0
3310 9
3311 9
3312 4
3313 2
3314 3
3315 4
3316 9
3317 7
3318 3
3319 3
3320 3
3321 1
3322 9
3323 3
3324 7
3325 6
3326 5
3327 6
3328 0
3329 2
3330 6
3331 1
3332 3
3333 2
3334 4
3335 6
3336 3
3337 0
3338 8
3339 2
3340 4
3341 2
3342 2
3343 7
3344 1
3345 1
3346 9
3347 3
3348 9
3349 7
3350 4
3351 4
3352 4
3353 8
3354 8
3355 9
3356 5
3357 2
3358 3
3359 9
3360 4
3361 5
3362 2
3363 6
3364 6
3365 8
3366 6
3367 0
3368 7
3369 0
3370 4
3371 9
3372 7
3373 1
3374 9
3375 1
3376 0
3377 0
3378 5
3379 1
3380 1
3381 2
3382 9
3383 3
3384 5
3385 5
3386 3
3387 6
3388 4
3389 9
3390 2
3391 0
3392 6
3393 1
3394 1
3395 2
3396 0
3397 3
3398 9
3399 4
3400 3
3401 5
3402 3
3403 6
3404 3
3405 7
3406 1
3407 8
3408 7
3409 0
3410 0
3411 1
3412 1
3413 2
3414 9
3415 3
3416 5
3417 4
3418 1
3419 5
3420 8
3421 6
3422 3
3423 7
3424 3
3425 8
3426 7
3427 1
3428 7
3429 0
3430 1
3431 1
3432 8
3433 5
3434 0
3435 3
3436 4
3437 4
3438 8
3439 4
3440 1
3441 0
3442 7
3443 0
3444 2
3445 6
3446 8
3447 9
3448 7
3449 6
3450 4
3451 6
3452 3
3453 5
3454 6
3455 4
3456 1
3457 4
3458 4
3459 4
3460 3
3461 0
3462 3
3463 7
3464 1
3465 9
3466 3
3467 5
3468 1
3469 7
3470 2
3471 3
3472 3
3473 1
3474 6
3475 4
3476 8
3477 4
3478 1
3479 0
3480 8
3481 9
3482 8
3483 9
3484 4
3485 6
3486 2
3487 1
3488 1
3489 8
3490 0
3491 3
3492 0
3493 8
3494 7
3495 8
3496 4
3497 8
3498 7
3499 8
3500 5
3501 8
3502 8
3503 4
3504 4
3505 7
3506 9
3507 7
3508 9
3509 1
3510 9
3511 9
3512 8
3513 8
3514 0
3515 7
3516 0
3517 8
3518 7
3519 9
3520 6
3521 3
3522 7
3523 3
3524 6
3525 5
3526 8
3527 5
3528 9
3529 0
3530 6
3531 7
3532 1
3533 9
3534 0
3535 5
3536 2
3537 6
3538 7
3539 5
3540 1
3541 0
3542 3
3543 6
3544 9
3545 1
3546 1
3547 4
3548 4
3549 1
3550 3
3551 1
3552 3
3553 2
3554 8
3555 8
3556 7
3557 2
3558 5
3559 6
3560 1
3561 1
3562 0
3563 5
3564 2
3565 0
3566 9
3567 1
3568 0
3569 2
3570 8
3571 3
3572 6
3573 4
3574 2
3575 5
3576 3
3577 6
3578 2
3579 7
3580 5
3581 8
3582 2
3583 9
3584 8
3585 0
3586 6
3587 1
3588 9
3589 2
3590 0
3591 3
3592 1
3593 1
3594 9
3595 5
3596 3
3597 6
3598 9
3599 7
3600 8
3601 8
3602 1
3603 0
3604 1
3605 1
3606 3
3607 2
3608 4
3609 3
3610 0
3611 4
3612 0
3613 5
3614 3
3615 6
3616 8
3617 7
3618 7
3619 8
3620 7
3621 9
3622 0
3623 6
3624 4
3625 4
3626 3
3627 2
3628 1
3629 6
3630 8
3631 4
3632 0
3633 7
3634 5
3635 5
3636 9
3637 5
3638 5
3639 4
3640 7
3641 7
3642 2
3643 8
3644 1
3645 9
3646 6
3647 2
3648 5
3649 9
3650 6
3651 3
3652 4
3653 9
3654 6
3655 3
3656 3
3657 8
3658 8
3659 2
3660 2
3661 0
3662 9
3663 9
3664 8
3665 8
3666 4
3667 0
3668 4
3669 5
3670 3
3671 6
3672 2
3673 0
3674 3
3675 1
3676 2
3677 0
3678 9
3679 2
3680 2
3681 5
3682 5
3683 3
3684 3
3685 5
3686 4
3687 3
3688 8
3689 8
3690 8
3691 0
3692 7
3693 0
3694 4
3695 5
3696 9
3697 4
3698 0
3699 3
3700 6
3701 4
3702 0
3703 1
3704 9
3705 5
3706 6
3707 3
3708 4
3709 0
3710 2
3711 8
3712 2
3713 3
3714 1
3715 0
3716 4
3717 6
3718 7
3719 2
3720 0
3721 7
3722 2
3723 1
3724 4
3725 1
3726 6
3727 8
3728 7
3729 1
3730 8
3731 7
3732 4
3733 1
3734 0
3735 3
3736 6
3737 8
3738 4
3739 4
3740 3
3741 2
3742 9
3743 0
3744 8
3745 9
3746 9
3747 7
3748 2
3749 6
3750 7
3751 7
3752 5
3753 4
3754 3
3755 1
3756 3
3757 6
3758 1
3759 8
3760 9
3761 4
3762 8
3763 1
3764 6
3765 2
3766 8
3767 6
3768 5
3769 7
3770 9
3771 1
3772 6
3773 9
3774 6
3775 8
3776 0
3777 0
3778 0
3779 6
3780 7
3781 9
3782 7
3783 4
3784 9
3785 9
3786 9
3787 9
3788 7
3789 6
3790 7
3791 2
3792 8
3793 3
3794 6
3795 7
3796 9
3797 1
3798 7
3799 2
3800 1
3801 5
3802 1
3803 3
3804 7
3805 7
3806 0
3807 8
3808 6
3809 0
3810 3
3811 1
3812 3
3813 2
3814 6
3815 3
3816 8
3817 4
3818 9
3819 5
3820 6
3821 6
3822 1
3823 7
3824 3
3825 8
3826 2
3827 9
3828 4
3829 0
3830 2
3831 1
3832 5
3833 2
3834 9
3835 3
3836 2
3837 4
3838 4
3839 5
3840 7
3841 6
3842 8
3843 7
3844 3
3845 8
3846 7
3847 9
3848 2
3849 0
3850 1
3851 1
3852 9
3853 2
3854 7
3855 3
3856 6
3857 4
3858 6
3859 5
3860 5
3861 6
3862 4
3863 7
3864 5
3865 8
3866 8
3867 9
3868 7
3869 6
3870 5
3871 2
3872 8
3873 6
3874 9
3875 5
3876 0
3877 4
3878 1
3879 2
3880 2
3881 0
3882 0
3883 8
3884 0
3885 1
3886 2
3887 7
3888 0
3889 1
3890 2
3891 8
3892 8
3893 3
3894 7
3895 7
3896 0
3897 1
3898 1
3899 7
3900 1
3901 1
3902 2
3903 4
3904 9
3905 4
3906 0
3907 5
3908 6
3909 7
3910 6
3911 4
3912 9
3913 9
3914 7
3915 7
3916 7
3917 2
3918 8
3919 6
3920 3
3921 5
3922 5
3923 3
3924 2
3925 9
3926 1
3927 9
3928 8
3929 0
3930 2
3931 8
3932 6
3933 7
3934 2
3935 9
3936 6
3937 0
3938 3
3939 6
3940 7
3941 3
3942 7
3943 0
3944 5
3945 4
3946 4
3947 6
3948 7
3949 3
3950 6
3951 7
3952 6
3953 0
3954 1
3955 1
3956 1
3957 4
3958 8
3959 8
3960 6
3961 8
3962 1
3963 1
3964 0
3965 2
3966 1
3967 9
3968 8
3969 3
3970 9
3971 1
3972 5
3973 4
3974 5
3975 2
3976 8
3977 9
3978 4
3979 8
3980 2
3981 2
3982 9
3983 8
3984 4
3985 6
3986 8
3987 9
3988 5
3989 2
3990 4
3991 9
3992 7
3993 6
3994 6
3995 3
3996 1
3997 3
3998 9
3999 6
4000 7
4001 3
4002 0
4003 1
4004 5
4005 2
4006 8
4007 5
4008 0
4009 0
4010 1
4011 3
4012 1
4013 1
4014 1
4015 5
4016 2
4017 5
4018 6
4019 9
4020 7
4021 8
4022 3
4023 0
4024 7
4025 9
4026 9
4027 0
4028 2
4029 1
4030 6
4031 2
4032 9
4033 3
4034 7
4035 4
4036 8
4037 5
4038 4
4039 6
4040 8
4041 7
4042 7
4043 8
4044 0
4045 9
4046 7
4047 0
4048 5
4049 1
4050 9
4051 2
4052 8
4053 3
4054 6
4055 4
4056 9
4057 5
4058 8
4059 6
4060 9
4061 7
4062 5
4063 8
4064 1
4065 9
4066 1
4067 0
4068 3
4069 1
4070 1
4071 2
4072 6
4073 3
4074 7
4075 4
4076 5
4077 5
4078 6
4079 6
4080 2
4081 7
4082 0
4083 8
4084 8
4085 9
4086 2
4087 6
4088 4
4089 1
4090 6
4091 9
4092 9
4093 9
4094 3
4095 9
4096 2
4097 4
4098 9
4099 4
4100 8
4101 3
4102 4
4103 8
4104 5
4105 1
4106 0
4107 4
4108 0
4109 1
4110 6
4111 2
4112 6
4113 5
4114 4
4115 0
4116 7
4117 9
4118 9
4119 5
4120 1
4121 3
4122 9
4123 0
4124 9
4125 4
4126 5
4127 9
4128 1
4129 1
4130 7
4131 7
4132 4
4133 4
4134 5
4135 4
4136 3
4137 1
4138 3
4139 8
4140 1
4141 7
4142 0
4143 6
4144 2
4145 0
4146 4
4147 8
4148 8
4149 1
4150 6
4151 8
4152 1
4153 2
4154 3
4155 6
4156 3
4157 2
4158 9
4159 0
4160 1
4161 9
4162 1
4163 1
4164 7
4165 2
4166 1
4167 5
4168 5
4169 4
4170 6
4171 5
4172 4
4173 7
4174 4
4175 7
4176 8
4177 5
4178 4
4179 3
4180 4
4181 0
4182 2
4183 2
4184 5
4185 2
4186 1
4187 2
4188 6
4189 7
4190 1
4191 3
4192 5
4193 1
4194 5
4195 4
4196 3
4197 4
4198 6
4199 3
4200 7
4201 0
4202 1
4203 0
4204 2
4205 4
4206 9
4207 7
4208 2
4209 9
4210 6
4211 7
4212 2
4213 8
4214 6
4215 8
4216 0
4217 7
4218 0
4219 9
4220 0
4221 6
4222 9
4223 3
4224 4
4225 1
4226 7
4227 7
4228 4
4229 9
4230 2
4231 6
4232 6
4233 3
4234 3
4235 3
4236 3
4237 1
4238 3
4239 0
4240 4
4241 2
4242 7
4243 6
4244 9
4245 0
4246 3
4247 5
4248 1
4249 6
4250 3
4251 6
4252 4
4253 8
4254 7
4255 7
4256 3
4257 3
4258 8
4259 5
4260 9
4261 8
4262 3
4263 3
4264 4
4265 0
4266 7
4267 1
4268 6
4269 2
4270 0
4271 3
4272 8
4273 7
4274 4
4275 8
4276 3
4277 9
4278 2
4279 0
4280 7
4281 3
4282 8
4283 4
4284 0
4285 7
4286 1
4287 8
4288 0
4289 0
4290 5
4291 1
4292 4
4293 2
4294 1
4295 3
4296 7
4297 4
4298 7
4299 5
4300 1
4301 6
4302 5
4303 7
4304 5
4305 8
4306 9
4307 9
4308 8
4309 5
4310 0
4311 1
4312 5
4313 9
4314 6
4315 9
4316 0
4317 7
4318 4
4319 1
4320 9
4321 0
4322 2
4323 9
4324 8
4325 0
4326 7
4327 5
4328 3
4329 9
4330 7
4331 7
4332 7
4333 1
4334 7
4335 3
4336 4
4337 6
4338 7
4339 3
4340 0
4341 2
4342 3
4343 0
4344 0
4345 9
4346 4
4347 0
4348 8
4349 6
4350 9
4351 1
4352 3
4353 7
4354 7
4355 2
4356 0
4357 8
4358 7
4359 3
4360 6
4361 4
4362 9
4363 7
4364 6
4365 6
4366 7
4367 6
4368 9
4369 3
4370 8
4371 2
4372 7
4373 3
4374 0
4375 8
4376 5
4377 9
4378 9
4379 4
4380 2
4381 8
4382 4
4383 8
4384 8
4385 7
4386 4
4387 1
4388 8
4389 0
4390 1
4391 8
4392 6
4393 7
4394 7
4395 7
4396 7
4397 5
4398 2
4399 9
4400 3
4401 2
4402 6
4403 3
4404 6
4405 1
4406 4
4407 1
4408 6
4409 4
4410 4
4411 5
4412 1
4413 5
4414 2
4415 0
4416 5
4417 4
4418 3
4419 8
4420 1
4421 7
4422 7
4423 4
4424 5
4425 9
4426 6
4427 2
4428 2
4429 3
4430 6
4431 6
4432 7
4433 4
4434 8
4435 1
4436 4
4437 2
4438 4
4439 4
4440 8
4441 1
4442 2
4443 5
4444 0
4445 1
4446 2
4447 9
4448 8
4449 3
4450 5
4451 2
4452 7
4453 0
4454 4
4455 0
4456 9
4457 2
4458 7
4459 9
4460 4
4461 3
4462 5
4463 6
4464 4
4465 0
4466 9
4467 1
4468 8
4469 2
4470 1
4471 3
4472 7
4473 4
4474 2
4475 5
4476 2
4477 6
4478 7
4479 7
4480 5
4481 8
4482 8
4483 9
4484 1
4485 0
4486 1
4487 1
4488 0
4489 2
4490 3
4491 3
4492 1
4493 4
4494 4
4495 5
4496 0
4497 6
4498 4
4499 7
4500 0
4501 8
4502 1
4503 9
4504 1
4505 0
4506 3
4507 1
4508 3
4509 2
4510 3
4511 3
4512 3
4513 4
4514 2
4515 5
4516 7
4517 6
4518 2
4519 7
4520 6
4521 8
4522 4
4523 9
4524 1
4525 8
4526 6
4527 0
4528 7
4529 5
4530 7
4531 6
4532 0
4533 6
4534 1
4535 0
4536 6
4537 8
4538 4
4539 0
4540 4
4541 2
4542 2
4543 3
4544 9
4545 7
4546 6
4547 9
4548 7
4549 4
4550 2
4551 7
4552 3
4553 1
4554 1
4555 9
4556 0
4557 1
4558 5
4559 7
4560 6
4561 1
4562 5
4563 0
4564 4
4565 0
4566 1
4567 4
4568 9
4569 1
4570 3
4571 7
4572 6
4573 5
4574 2
4575 7
4576 2
4577 1
4578 8
4579 3
4580 8
4581 3
4582 8
4583 3
4584 3
4585 1
4586 6
4587 6
4588 0
4589 9
4590 5
4591 7
4592 7
4593 4
4594 9
4595 3
4596 5
4597 0
4598 8
4599 2
4600 5
4601 5
4602 1
4603 2
4604 7
4605 6
4606 9
4607 0
4608 0
4609 8
4610 2
4611 9
4612 6
4613 4
4614 5
4615 3
4616 4
4617 5
4618 7
4619 4
4620 6
4621 8
4622 5
4623 1
4624 0
4625 5
4626 4
4627 9
4628 3
4629 0
4630 9
4631 6
4632 3
4633 4
4634 8
4635 6
4636 4
4637 8
4638 3
4639 1
4640 6
4641 4
4642 0
4643 7
4644 1
4645 5
4646 2
4647 7
4648 2
4649 2
4650 2
4651 2
4652 8
4653 0
4654 1
4655 0
4656 0
4657 1
4658 3
4659 7
4660 6
4661 7
4662 2
4663 9
4664 2
4665 5
4666 5
4667 9
4668 9
4669 8
4670 5
4671 9
4672 7
4673 6
4674 3
4675 8
4676 1
4677 8
4678 9
4679 2
4680 7
4681 3
4682 0
4683 6
4684 8
4685 1
4686 0
4687 2
4688 0
4689 9
4690 9
4691 8
4692 8
4693 9
4694 3
4695 5
4696 1
4697 2
4698 8
4699 6
4700 8
4701 2
4702 6
4703 4
4704 5
4705 8
4706 2
4707 4
4708 1
4709 6
4710 1
4711 5
4712 6
4713 0
4714 2
4715 1
4716 2
4717 2
4718 0
4719 3
4720 9
4721 4
4722 2
4723 5
4724 6
4725 7
4726 7
4727 8
4728 5
4729 0
4730 4
4731 1
4732 6
4733 2
4734 7
4735 3
4736 3
4737 4
4738 0
4739 5
4740 3
4741 6
4742 3
4743 7
4744 0
4745 8
4746 4
4747 9
4748 0
4749 0
4750 1
4751 1
4752 5
4753 2
4754 9
4755 3
4756 0
4757 4
4758 4
4759 7
4760 5
4761 8
4762 3
4763 1
4764 1
4765 6
4766 1
4767 8
4768 4
4769 9
4770 6
4771 9
4772 1
4773 0
4774 7
4775 1
4776 0
4777 2
4778 6
4779 4
4780 4
4781 4
4782 4
4783 3
4784 7
4785 7
4786 5
4787 4
4788 9
4789 4
4790 1
4791 4
4792 3
4793 0
4794 7
4795 3
4796 4
4797 8
4798 4
4799 7
4800 6
4801 5
4802 4
4803 8
4804 0
4805 2
4806 7
4807 1
4808 3
4809 7
4810 1
4811 9
4812 4
4813 1
4814 8
4815 1
4816 9
4817 6
4818 6
4819 2
4820 5
4821 1
4822 4
4823 3
4824 9
4825 8
4826 9
4827 6
4828 6
4829 4
4830 9
4831 9
4832 7
4833 4
4834 8
4835 2
4836 3
4837 4
4838 4
4839 4
4840 7
4841 6
4842 7
4843 2
4844 5
4845 5
4846 2
4847 5
4848 8
4849 0
4850 3
4851 2
4852 0
4853 8
4854 0
4855 0
4856 2
4857 6
4858 7
4859 8
4860 8
4861 1
4862 8
4863 7
4864 3
4865 1
4866 3
4867 6
4868 3
4869 7
4870 0
4871 6
4872 1
4873 8
4874 4
4875 7
4876 7
4877 4
4878 3
4879 9
4880 2
4881 3
4882 6
4883 3
4884 1
4885 5
4886 6
4887 8
4888 7
4889 0
4890 4
4891 3
4892 0
4893 7
4894 9
4895 9
4896 4
4897 7
4898 3
4899 7
4900 1
4901 9
4902 9
4903 1
4904 7
4905 6
4906 0
4907 7
4908 5
4909 8
4910 6
4911 0
4912 9
4913 1
4914 2
4915 2
4916 9
4917 3
4918 0
4919 4
4920 1
4921 5
4922 6
4923 6
4924 1
4925 7
4926 0
4927 8
4928 7
4929 9
4930 6
4931 0
4932 9
4933 1
4934 6
4935 2
4936 9
4937 3
4938 2
4939 4
4940 5
4941 5
4942 1
4943 6
4944 1
4945 7
4946 7
4947 8
4948 5
4949 9
4950 1
4951 0
4952 4
4953 1
4954 4
4955 2
4956 3
4957 3
4958 1
4959 4
4960 1
4961 5
4962 0
4963 6
4964 7
4965 7
4966 3
4967 8
4968 9
4969 5
4970 1
4971 1
4972 1
4973 9
4974 5
4975 9
4976 1
4977 7
4978 1
4979 1
4980 6
4981 0
4982 8
4983 9
4984 7
4985 0
4986 2
4987 5
4988 3
4989 9
4990 6
4991 7
4992 8
4993 1
4994 0
4995 7
4996 3
4997 2
4998 1
4999 2
5000 7
5001 3
5002 4
5003 6
5004 1
5005 8
5006 1
5007 0
5008 9
5009 8
5010 0
5011 3
5012 1
5013 2
5014 7
5015 0
5016 2
5017 9
5018 6
5019 0
5020 1
5021 6
5022 7
5023 1
5024 9
5025 7
5026 6
5027 5
5028 5
5029 8
5030 8
5031 3
5032 4
5033 4
5034 8
5035 7
5036 3
5037 6
5038 4
5039 6
5040 6
5041 3
5042 8
5043 8
5044 9
5045 9
5046 4
5047 4
5048 0
5049 7
5050 8
5051 1
5052 0
5053 0
5054 1
5055 8
5056 5
5057 7
5058 1
5059 7
5060 5
5061 5
5062 9
5063 9
5064 4
5065 2
5066 5
5067 3
5068 7
5069 4
5070 6
5071 6
5072 0
5073 1
5074 0
5075 1
5076 2
5077 4
5078 8
5079 5
5080 3
5081 5
5082 0
5083 0
5084 6
5085 4
5086 3
5087 8
5088 3
5089 7
5090 1
5091 4
5092 3
5093 9
5094 2
5095 2
5096 0
5097 3
5098 6
5099 6
5100 7
5101 4
5102 3
5103 2
5104 2
5105 4
5106 9
5107 1
5108 0
5109 5
5110 2
5111 4
5112 8
5113 2
5114 1
5115 0
5116 8
5117 4
5118 4
5119 8
5120 0
5121 6
5122 4
5123 1
5124 4
5125 9
5126 6
5127 3
5128 1
5129 2
5130 9
5131 0
5132 1
5133 0
5134 4
5135 2
5136 9
5137 9
5138 4
5139 3
5140 8
5141 6
5142 9
5143 3
5144 0
5145 6
5146 7
5147 0
5148 3
5149 1
5150 4
5151 2
5152 3
5153 3
5154 0
5155 4
5156 2
5157 5
5158 5
5159 6
5160 3
5161 7
5162 2
5163 8
5164 5
5165 9
5166 2
5167 0
5168 1
5169 1
5170 8
5171 2
5172 9
5173 3
5174 1
5175 4
5176 1
5177 5
5178 7
5179 6
5180 4
5181 7
5182 7
5183 8
5184 3
5185 9
5186 3
5187 0
5188 5
5189 1
5190 3
5191 2
5192 0
5193 3
5194 0
5195 4
5196 0
5197 7
5198 4
5199 8
5200 8
5201 9
5202 0
5203 0
5204 1
5205 8
5206 7
5207 3
5208 9
5209 9
5210 5
5211 5
5212 9
5213 6
5214 7
5215 8
5216 2
5217 4
5218 6
5219 9
5220 8
5221 1
5222 6
5223 7
5224 9
5225 1
5226 6
5227 2
5228 0
5229 9
5230 6
5231 6
5232 2
5233 9
5234 1
5235 1
5236 2
5237 1
5238 3
5239 1
5240 5
5241 2
5242 7
5243 8
5244 0
5245 1
5246 0
5247 2
5248 8
5249 0
5250 2
5251 7
5252 3
5253 7
5254 5
5255 5
5256 1
5257 8
5258 2
5259 2
5260 6
5261 9
5262 1
5263 8
5264 7
5265 4
5266 0
5267 6
5268 0
5269 7
5270 3
5271 1
5272 0
5273 6
5274 6
5275 0
5276 9
5277 3
5278 4
5279 6
5280 7
5281 8
5282 9
5283 7
5284 3
5285 0
5286 0
5287 4
5288 0
5289 2
5290 6
5291 7
5292 5
5293 4
5294 6
5295 4
5296 8
5297 2
5298 0
5299 8
5300 7
5301 1
5302 7
5303 5
5304 1
5305 1
5306 2
5307 2
5308 7
5309 5
5310 6
5311 6
5312 7
5313 4
5314 2
5315 3
5316 9
5317 0
5318 2
5319 0
5320 9
5321 0
5322 4
5323 3
5324 4
5325 7
5326 7
5327 0
5328 3
5329 6
5330 0
5331 4
5332 3
5333 8
5334 6
5335 8
5336 1
5337 3
5338 8
5339 9
5340 0
5341 9
5342 0
5343 8
5344 0
5345 2
5346 8
5347 7
5348 8
5349 7
5350 9
5351 1
5352 7
5353 0
5354 3
5355 1
5356 4
5357 2
5358 3
5359 3
5360 8
5361 4
5362 9
5363 5
5364 6
5365 6
5366 4
5367 7
5368 0
5369 8
5370 3
5371 9
5372 8
5373 0
5374 6
5375 1
5376 8
5377 2
5378 5
5379 3
5380 2
5381 4
5382 5
5383 5
5384 6
5385 6
5386 9
5387 7
5388 3
5389 8
5390 9
5391 9
5392 3
5393 0
5394 8
5395 1
5396 3
5397 2
5398 0
5399 3
5400 2
5401 4
5402 9
5403 5
5404 9
5405 6
5406 4
5407 7
5408 3
5409 8
5410 4
5411 9
5412 3
5413 6
5414 5
5415 2
5416 7
5417 5
5418 8
5419 6
5420 2
5421 2
5422 7
5423 5
5424 5
5425 1
5426 9
5427 7
5428 1
5429 1
5430 8
5431 8
5432 3
5433 3
5434 3
5435 8
5436 2
5437 7
5438 2
5439 1
5440 5
5441 7
5442 3
5443 1
5444 4
5445 4
5446 7
5447 7
5448 7
5449 2
5450 4
5451 6
5452 5
5453 5
5454 9
5455 3
5456 5
5457 9
5458 3
5459 9
5460 8
5461 0
5462 0
5463 8
5464 0
5465 7
5466 6
5467 3
5468 0
5469 0
5470 0
5471 3
5472 7
5473 7
5474 8
5475 0
5476 8
5477 1
5478 9
5479 1
5480 2
5481 2
5482 4
5483 1
5484 1
5485 6
5486 6
5487 0
5488 0
5489 5
5490 4
5491 3
5492 9
5493 3
5494 1
5495 6
5496 7
5497 3
5498 0
5499 5
5500 1
5501 9
5502 0
5503 9
5504 7
5505 0
5506 5
5507 1
5508 2
5509 2
5510 3
5511 3
5512 0
5513 4
5514 0
5515 5
5516 1
5517 6
5518 9
5519 7
5520 1
5521 8
5522 9
5523 9
5524 6
5525 0
5526 5
5527 1
5528 2
5529 2
5530 1
5531 3
5532 9
5533 4
5534 8
5535 7
5536 8
5537 8
5538 9
5539 9
5540 7
5541 0
5542 3
5543 1
5544 9
5545 2
5546 7
5547 3
5548 8
5549 4
5550 5
5551 5
5552 1
5553 6
5554 6
5555 7
5556 6
5557 8
5558 9
5559 9
5560 0
5561 6
5562 3
5563 0
5564 7
5565 7
5566 6
5567 3
5568 7
5569 7
5570 1
5571 1
5572 9
5573 3
5574 8
5575 7
5576 6
5577 9
5578 3
5579 7
5580 4
5581 4
5582 1
5583 0
5584 7
5585 0
5586 6
5587 6
5588 3
5589 9
5590 4
5591 5
5592 9
5593 6
5594 8
5595 9
5596 7
5597 8
5598 5
5599 5
5600 6
5601 1
5602 2
5603 5
5604 0
5605 3
5606 5
5607 9
5608 0
5609 8
5610 1
5611 3
5612 0
5613 4
5614 9
5615 0
5616 3
5617 5
5618 2
5619 6
5620 5
5621 3
5622 0
5623 4
5624 2
5625 8
5626 7
5627 0
5628 8
5629 6
5630 1
5631 4
5632 6
5633 8
5634 6
5635 1
5636 4
5637 3
5638 2
5639 4
5640 3
5641 0
5642 3
5643 1
5644 1
5645 9
5646 0
5647 2
5648 1
5649 3
5650 7
5651 7
5652 7
5653 5
5654 6
5655 1
5656 2
5657 7
5658 9
5659 2
5660 3
5661 8
5662 0
5663 7
5664 9
5665 0
5666 5
5667 1
5668 5
5669 9
5670 8
5671 6
5672 9
5673 4
5674 0
5675 1
5676 7
5677 2
5678 5
5679 3
5680 8
5681 1
5682 6
5683 3
5684 6
5685 5
5686 6
5687 3
5688 5
5689 4
5690 0
5691 1
5692 0
5693 6
5694 0
5695 8
5696 8
5697 0
5698 0
5699 8
5700 2
5701 9
5702 3
5703 4
5704 9
5705 9
5706 2
5707 2
5708 1
5709 6
5710 3
5711 0
5712 5
5713 1
5714 1
5715 2
5716 7
5717 3
5718 9
5719 5
5720 4
5721 6
5722 2
5723 7
5724 2
5725 8
5726 9
5727 9
5728 3
5729 0
5730 0
5731 1
5732 1
5733 2
5734 4
5735 4
5736 3
5737 5
5738 3
5739 6
5740 9
5741 7
5742 5
5743 8
5744 2
5745 9
5746 9
5747 0
5748 3
5749 1
5750 6
5751 2
5752 5
5753 3
5754 7
5755 4
5756 1
5757 5
5758 2
5759 6
5760 1
5761 7
5762 2
5763 8
5764 4
5765 9
5766 6
5767 0
5768 7
5769 7
5770 3
5771 5
5772 6
5773 0
5774 6
5775 8
5776 5
5777 4
5778 7
5779 1
5780 6
5781 8
5782 6
5783 8
5784 7
5785 1
5786 7
5787 3
5788 3
5789 1
5790 2
5791 8
5792 4
5793 3
5794 9
5795 7
5796 4
5797 9
5798 3
5799 3
5800 8
5801 0
5802 6
5803 9
5804 6
5805 4
5806 9
5807 4
5808 0
5809 0
5810 6
5811 7
5812 3
5813 4
5814 1
5815 2
5816 2
5817 9
5818 7
5819 8
5820 3
5821 7
5822 4
5823 2
5824 1
5825 7
5826 6
5827 8
5828 5
5829 9
5830 0
5831 3
5832 6
5833 1
5834 1
5835 4
5836 9
5837 6
5838 3
5839 5
5840 1
5841 2
5842 1
5843 2
5844 0
5845 2
5846 6
5847 5
5848 6
5849 6
5850 1
5851 7
5852 3
5853 8
5854 4
5855 7
5856 5
5857 5
5858 3
5859 1
5860 9
5861 6
5862 1
5863 4
5864 1
5865 9
5866 5
5867 2
5868 9
5869 9
5870 3
5871 3
5872 5
5873 5
5874 9
5875 3
5876 1
5877 6
5878 9
5879 6
5880 4
5881 0
5882 1
5883 0
5884 0
5885 2
5886 0
5887 5
5888 0
5889 6
5890 2
5891 4
5892 9
5893 9
5894 8
5895 2
5896 8
5897 7
5898 9
5899 4
5900 2
5901 9
5902 2
5903 1
5904 5
5905 0
5906 7
5907 2
5908 2
5909 2
5910 6
5911 3
5912 7
5913 6
5914 2
5915 1
5916 8
5917 8
5918 9
5919 3
5920 6
5921 0
5922 3
5923 3
5924 9
5925 5
5926 3
5927 0
5928 2
5929 0
5930 1
5931 6
5932 0
5933 1
5934 5
5935 6
5936 4
5937 9
5938 0
5939 5
5940 9
5941 3
5942 3
5943 9
5944 4
5945 4
5946 7
5947 5
5948 6
5949 8
5950 1
5951 6
5952 2
5953 7
5954 4
5955 1
5956 6
5957 1
5958 3
5959 7
5960 4
5961 0
5962 6
5963 1
5964 9
5965 2
5966 1
5967 3
5968 7
5969 4
5970 3
5971 5
5972 8
5973 6
5974 3
5975 7
5976 7
5977 8
5978 0
5979 9
5980 3
5981 0
5982 4
5983 1
5984 5
5985 2
5986 7
5987 3
5988 2
5989 4
5990 6
5991 5
5992 9
5993 6
5994 1
5995 7
5996 6
5997 8
5998 6
5999 9
6000 6
6001 0
6002 1
6003 1
6004 5
6005 2
6006 8
6007 3
6008 0
6009 4
6010 9
6011 5
6012 2
6013 6
6014 7
6015 7
6016 3
6017 8
6018 5
6019 9
6020 1
6021 1
6022 8
6023 0
6024 6
6025 4
6026 5
6027 5
6028 4
6029 6
6030 8
6031 6
6032 3
6033 3
6034 0
6035 4
6036 9
6037 4
6038 2
6039 2
6040 3
6041 8
6042 9
6043 1
6044 2
6045 0
6046 7
6047 6
6048 3
6049 4
6050 7
6051 9
6052 1
6053 7
6054 7
6055 2
6056 2
6057 3
6058 4
6059 3
6060 2
6061 9
6062 1
6063 2
6064 7
6065 0
6066 8
6067 9
6068 5
6069 3
6070 1
6071 3
6072 8
6073 9
6074 9
6075 1
6076 0
6077 5
6078 9
6079 2
6080 2
6081 3
6082 1
6083 1
6084 9
6085 6
6086 5
6087 7
6088 7
6089 3
6090 6
6091 7
6092 9
6093 8
6094 0
6095 4
6096 5
6097 0
6098 3
6099 2
6100 9
6101 4
6102 6
6103 0
6104 1
6105 2
6106 3
6107 4
6108 1
6109 7
6110 1
6111 8
6112 5
6113 0
6114 2
6115 7
6116 1
6117 0
6118 3
6119 6
6120 4
6121 9
6122 1
6123 3
6124 2
6125 2
6126 2
6127 4
6128 4
6129 8
6130 7
6131 6
6132 7
6133 0
6134 7
6135 1
6136 8
6137 0
6138 2
6139 6
6140 7
6141 7
6142 1
6143 2
6144 2
6145 9
6146 0
6147 7
6148 3
6149 9
6150 6
6151 5
6152 8
6153 8
6154 4
6155 9
6156 9
6157 6
6158 8
6159 6
6160 4
6161 2
6162 9
6163 8
6164 9
6165 1
6166 9
6167 7
6168 2
6169 5
6170 3
6171 5
6172 2
6173 7
6174 9
6175 3
6176 7
6177 5
6178 6
6179 0
6180 5
6181 1
6182 3
6183 1
6184 4
6185 3
6186 1
6187 8
6188 5
6189 4
6190 2
6191 9
6192 1
6193 4
6194 6
6195 5
6196 8
6197 1
6198 5
6199 8
6200 5
6201 6
6202 7
6203 8
6204 2
6205 9
6206 1
6207 0
6208 1
6209 1
6210 4
6211 2
6212 2
6213 3
6214 8
6215 4
6216 3
6217 5
6218 4
6219 6
6220 4
6221 7
6222 2
6223 8
6224 7
6225 9
6226 1
6227 0
6228 0
6229 1
6230 3
6231 2
6232 1
6233 3
6234 9
6235 4
6236 6
6237 5
6238 9
6239 6
6240 8
6241 7
6242 8
6243 8
6244 1
6245 0
6246 6
6247 1
6248 7
6249 2
6250 7
6251 3
6252 2
6253 4
6254 1
6255 5
6256 4
6257 6
6258 4
6259 7
6260 4
6261 8
6262 1
6263 9
6264 5
6265 6
6266 6
6267 6
6268 4
6269 3
6270 2
6271 4
6272 9
6273 2
6274 5
6275 8
6276 5
6277 1
6278 7
6279 0
6280 7
6281 6
6282 3
6283 4
6284 8
6285 9
6286 3
6287 7
6288 8
6289 2
6290 5
6291 3
6292 0
6293 3
6294 9
6295 9
6296 0
6297 3
6298 3
6299 3
6300 5
6301 9
6302 0
6303 1
6304 7
6305 5
6306 9
6307 2
6308 4
6309 3
6310 9
6311 1
6312 4
6313 6
6314 4
6315 7
6316 0
6317 3
6318 1
6319 7
6320 0
6321 8
6322 8
6323 4
6324 5
6325 0
6326 0
6327 2
6328 1
6329 4
6330 0
6331 0
6332 0
6333 7
6334 9
6335 8
6336 4
6337 0
6338 6
6339 7
6340 3
6341 0
6342 3
6343 6
6344 2
6345 9
6346 5
6347 3
6348 2
6349 2
6350 3
6351 4
6352 5
6353 8
6354 8
6355 6
6356 1
6357 0
6358 7
6359 5
6360 2
6361 7
6362 3
6363 5
6364 8
6365 1
6366 1
6367 0
6368 9
6369 8
6370 5
6371 1
6372 1
6373 6
6374 5
6375 7
6376 9
6377 2
6378 7
6379 9
6380 1
6381 7
6382 9
6383 9
6384 1
6385 5
6386 2
6387 6
6388 6
6389 5
6390 8
6391 2
6392 6
6393 6
6394 0
6395 1
6396 6
6397 7
6398 3
6399 5
6400 0
6401 5
6402 6
6403 7
6404 8
6405 3
6406 0
6407 5
6408 1
6409 0
6410 3
6411 1
6412 5
6413 1
6414 2
6415 3
6416 3
6417 8
6418 5
6419 1
6420 3
6421 0
6422 0
6423 1
6424 4
6425 2
6426 5
6427 3
6428 3
6429 4
6430 3
6431 5
6432 7
6433 6
6434 5
6435 7
6436 1
6437 8
6438 9
6439 9
6440 3
6441 0
6442 2
6443 1
6444 0
6445 2
6446 0
6447 3
6448 4
6449 4
6450 3
6451 5
6452 6
6453 6
6454 4
6455 7
6456 6
6457 8
6458 1
6459 9
6460 9
6461 0
6462 4
6463 1
6464 6
6465 2
6466 2
6467 3
6468 0
6469 4
6470 8
6471 5
6472 5
6473 6
6474 6
6475 7
6476 7
6477 8
6478 2
6479 9
6480 2
6481 7
6482 6
6483 4
6484 4
6485 7
6486 6
6487 7
6488 1
6489 3
6490 4
6491 9
6492 2
6493 8
6494 2
6495 8
6496 0
6497 3
6498 8
6499 1
6500 3
6501 5
6502 0
6503 8
6504 5
6505 2
6506 8
6507 7
6508 8
6509 6
6510 7
6511 1
6512 8
6513 5
6514 9
6515 2
6516 3
6517 6
6518 9
6519 4
6520 9
6521 1
6522 3
6523 8
6524 5
6525 7
6526 6
6527 5
6528 7
6529 5
6530 1
6531 1
6532 4
6533 8
6534 8
6535 9
6536 4
6537 1
6538 0
6539 3
6540 2
6541 6
6542 9
6543 3
6544 8
6545 3
6546 4
6547 2
6548 6
6549 2
6550 7
6551 6
6552 4
6553 6
6554 1
6555 5
6556 4
6557 5
6558 1
6559 3
6560 4
6561 3
6562 6
6563 8
6564 9
6565 1
6566 7
6567 6
6568 1
6569 5
6570 1
6571 6
6572 6
6573 8
6574 6
6575 1
6576 3
6577 9
6578 6
6579 7
6580 8
6581 6
6582 8
6583 8
6584 3
6585 3
6586 1
6587 7
6588 9
6589 9
6590 7
6591 0
6592 3
6593 0
6594 3
6595 3
6596 4
6597 7
6598 4
6599 9
6600 7
6601 3
6602 6
6603 0
6604 8
6605 2
6606 8
6607 0
6608 4
6609 1
6610 5
6611 0
6612 3
6613 1
6614 0
6615 0
6616 7
6617 1
6618 8
6619 0
6620 8
6621 4
6622 8
6623 7
6624 2
6625 9
6626 2
6627 2
6628 2
6629 0
6630 0
6631 6
6632 3
6633 2
6634 9
6635 6
6636 5
6637 2
6638 6
6639 2
6640 1
6641 9
6642 2
6643 9
6644 5
6645 0
6646 5
6647 1
6648 0
6649 2
6650 7
6651 3
6652 4
6653 4
6654 1
6655 5
6656 4
6657 6
6658 3
6659 8
6660 5
6661 9
6662 3
6663 0
6664 5
6665 1
6666 7
6667 3
6668 9
6669 4
6670 6
6671 5
6672 4
6673 6
6674 4
6675 7
6676 0
6677 8
6678 1
6679 9
6680 5
6681 0
6682 1
6683 1
6684 0
6685 2
6686 7
6687 3
6688 7
6689 4
6690 6
6691 5
6692 6
6693 6
6694 9
6695 7
6696 7
6697 8
6698 1
6699 9
6700 0
6701 1
6702 1
6703 8
6704 0
6705 6
6706 3
6707 7
6708 0
6709 1
6710 3
6711 3
6712 5
6713 7
6714 4
6715 7
6716 4
6717 9
6718 1
6719 3
6720 6
6721 6
6722 7
6723 0
6724 4
6725 2
6726 6
6727 6
6728 8
6729 4
6730 0
6731 8
6732 6
6733 4
6734 9
6735 5
6736 1
6737 0
6738 0
6739 3
6740 7
6741 9
6742 6
6743 2
6744 8
6745 1
6746 8
6747 1
6748 1
6749 5
6750 3
6751 9
6752 7
6753 4
6754 3
6755 2
6756 7
6757 0
6758 0
6759 4
6760 8
6761 4
6762 3
6763 0
6764 2
6765 9
6766 3
6767 6
6768 0
6769 9
6770 7
6771 2
6772 5
6773 2
6774 8
6775 1
6776 5
6777 7
6778 4
6779 9
6780 2
6781 5
6782 5
6783 1
6784 3
6785 1
6786 5
6787 9
6788 8
6789 6
6790 9
6791 0
6792 8
6793 1
6794 4
6795 8
6796 6
6797 4
6798 4
6799 6
6800 6
6801 8
6802 0
6803 8
6804 4
6805 2
6806 8
6807 6
6808 8
6809 3
6810 4
6811 2
6812 4
6813 9
6814 8
6815 2
6816 8
6817 4
6818 7
6819 0
6820 9
6821 9
6822 1
6823 0
6824 7
6825 3
6826 3
6827 3
6828 6
6829 5
6830 5
6831 8
6832 0
6833 4
6834 1
6835 7
6836 5
6837 6
6838 9
6839 2
6840 5
6841 2
6842 9
6843 7
6844 3
6845 7
6846 2
6847 0
6848 5
6849 5
6850 9
6851 1
6852 5
6853 5
6854 6
6855 3
6856 3
6857 0
6858 3
6859 1
6860 2
6861 2
6862 7
6863 3
6864 1
6865 4
6866 7
6867 5
6868 5
6869 6
6870 1
6871 7
6872 9
6873 8
6874 6
6875 0
6876 6
6877 1
6878 7
6879 4
6880 1
6881 7
6882 7
6883 0
6884 5
6885 1
6886 9
6887 4
6888 5
6889 7
6890 4
6891 8
6892 3
6893 9
6894 3
6895 6
6896 8
6897 8
6898 3
6899 2
6900 1
6901 4
6902 7
6903 6
6904 3
6905 8
6906 3
6907 6
6908 7
6909 6
6910 2
6911 7
6912 3
6913 1
6914 7
6915 7
6916 8
6917 0
6918 9
6919 2
6920 3
6921 2
6922 9
6923 0
6924 8
6925 1
6926 1
6927 6
6928 0
6929 5
6930 6
6931 1
6932 7
6933 2
6934 9
6935 0
6936 5
6937 2
6938 8
6939 3
6940 8
6941 4
6942 8
6943 8
6944 2
6945 3
6946 1
6947 7
6948 2
6949 4
6950 9
6951 1
6952 8
6953 7
6954 6
6955 4
6956 7
6957 8
6958 0
6959 3
6960 0
6961 9
6962 8
6963 6
6964 9
6965 7
6966 3
6967 0
6968 0
6969 9
6970 0
6971 6
6972 0
6973 0
6974 2
6975 6
6976 8
6977 1
6978 5
6979 0
6980 5
6981 5
6982 6
6983 5
6984 5
6985 1
6986 7
6987 0
6988 5
6989 1
6990 4
6991 0
6992 2
6993 9
6994 8
6995 4
6996 4
6997 5
6998 1
6999 9
7000 8
7001 7
7002 4
7003 0
7004 0
7005 2
7006 9
7007 1
7008 6
7009 4
7010 7
7011 4
7012 0
7013 9
7014 2
7015 6
7016 9
7017 7
7018 0
7019 4
7020 1
7021 8
7022 1
7023 9
7024 5
7025 0
7026 8
7027 1
7028 7
7029 2
7030 3
7031 3
7032 5
7033 7
7034 8
7035 8
7036 4
7037 0
7038 0
7039 1
7040 1
7041 2
7042 8
7043 3
7044 5
7045 4
7046 3
7047 5
7048 8
7049 6
7050 0
7051 8
7052 0
7053 9
7054 7
7055 0
7056 9
7057 1
7058 3
7059 7
7060 1
7061 9
7062 0
7063 6
7064 6
7065 3
7066 0
7067 3
7068 5
7069 9
7070 9
7071 9
7072 2
7073 5
7074 1
7075 1
7076 8
7077 4
7078 1
7079 2
7080 3
7081 5
7082 2
7083 4
7084 1
7085 7
7086 6
7087 9
7088 2
7089 1
7090 4
7091 5
7092 7
7093 2
7094 9
7095 6
7096 6
7097 3
7098 9
7099 7
7100 4
7101 8
7102 6
7103 5
7104 6
7105 1
7106 3
7107 2
7108 9
7109 6
7110 9
7111 6
7112 5
7113 7
7114 5
7115 8
7116 1
7117 8
7118 9
7119 1
7120 4
7121 8
7122 8
7123 3
7124 4
7125 7
7126 6
7127 0
7128 0
7129 0
7130 0
7131 1
7132 3
7133 5
7134 3
7135 0
7136 8
7137 5
7138 1
7139 2
7140 2
7141 8
7142 8
7143 0
7144 5
7145 4
7146 2
7147 3
7148 9
7149 1
7150 3
7151 8
7152 4
7153 2
7154 5
7155 9
7156 3
7157 9
7158 0
7159 5
7160 1
7161 2
7162 3
7163 6
7164 0
7165 5
7166 4
7167 7
7168 8
7169 1
7170 2
7171 9
7172 5
7173 7
7174 7
7175 1
7176 1
7177 2
7178 4
7179 6
7180 9
7181 0
7182 8
7183 0
7184 8
7185 1
7186 4
7187 2
7188 1
7189 3
7190 8
7191 4
7192 3
7193 5
7194 9
7195 6
7196 2
7197 7
7198 9
7199 8
7200 9
7201 9
7202 6
7203 0
7204 4
7205 1
7206 6
7207 2
7208 9
7209 3
7210 7
7211 4
7212 6
7213 7
7214 3
7215 8
7216 5
7217 9
7218 8
7219 0
7220 6
7221 1
7222 1
7223 2
7224 6
7225 3
7226 7
7227 4
7228 8
7229 7
7230 6
7231 8
7232 5
7233 9
7234 1
7235 5
7236 7
7237 1
7238 5
7239 9
7240 1
7241 9
7242 2
7243 0
7244 5
7245 9
7246 5
7247 0
7248 4
7249 5
7250 3
7251 9
7252 9
7253 1
7254 0
7255 7
7256 9
7257 2
7258 9
7259 2
7260 5
7261 3
7262 2
7263 3
7264 9
7265 2
7266 2
7267 0
7268 6
7269 9
7270 5
7271 0
7272 0
7273 6
7274 9
7275 1
7276 5
7277 7
7278 7
7279 5
7280 4
7281 0
7282 4
7283 3
7284 7
7285 4
7286 0
7287 7
7288 3
7289 6
7290 8
7291 6
7292 2
7293 3
7294 6
7295 3
7296 4
7297 8
7298 6
7299 4
7300 8
7301 7
7302 5
7303 1
7304 7
7305 0
7306 7
7307 8
7308 8
7309 7
7310 9
7311 5
7312 9
7313 2
7314 7
7315 1
7316 8
7317 1
7318 0
7319 4
7320 8
7321 5
7322 3
7323 5
7324 1
7325 0
7326 2
7327 4
7328 8
7329 8
7330 1
7331 7
7332 3
7333 4
7334 7
7335 9
7336 3
7337 2
7338 0
7339 3
7340 7
7341 6
7342 6
7343 4
7344 2
7345 1
7346 5
7347 2
7348 7
7349 1
7350 4
7351 5
7352 7
7353 2
7354 5
7355 0
7356 8
7357 4
7358 0
7359 8
7360 2
7361 6
7362 7
7363 1
7364 0
7365 9
7366 4
7367 3
7368 5
7369 2
7370 2
7371 0
7372 0
7373 0
7374 5
7375 2
7376 8
7377 5
7378 0
7379 6
7380 7
7381 9
7382 5
7383 3
7384 7
7385 6
7386 7
7387 3
7388 7
7389 6
7390 5
7391 0
7392 2
7393 1
7394 2
7395 2
7396 3
7397 3
7398 6
7399 4
7400 8
7401 6
7402 1
7403 7
7404 1
7405 8
7406 1
7407 9
7408 2
7409 0
7410 1
7411 1
7412 3
7413 2
7414 2
7415 3
7416 9
7417 4
7418 7
7419 5
7420 7
7421 1
7422 3
7423 7
7424 1
7425 8
7426 4
7427 0
7428 2
7429 1
7430 9
7431 2
7432 2
7433 3
7434 6
7435 1
7436 8
7437 7
7438 7
7439 8
7440 1
7441 8
7442 4
7443 5
7444 5
7445 7
7446 7
7447 9
7448 5
7449 5
7450 8
7451 0
7452 6
7453 8
7454 1
7455 3
7456 6
7457 5
7458 0
7459 4
7460 6
7461 8
7462 0
7463 3
7464 4
7465 0
7466 0
7467 2
7468 9
7469 1
7470 7
7471 0
7472 1
7473 2
7474 9
7475 5
7476 2
7477 8
7478 9
7479 8
7480 5
7481 5
7482 5
7483 3
7484 2
7485 0
7486 2
7487 4
7488 8
7489 4
7490 6
7491 1
7492 9
7493 6
7494 7
7495 1
7496 1
7497 3
7498 5
7499 0
7500 2
7501 3
7502 4
7503 6
7504 6
7505 9
7506 0
7507 3
7508 8
7509 7
7510 2
7511 9
7512 8
7513 7
7514 8
7515 0
7516 6
7517 4
7518 9
7519 8
7520 2
7521 3
7522 6
7523 2
7524 1
7525 7
7526 4
7527 7
7528 2
7529 9
7530 7
7531 5
7532 1
7533 1
7534 7
7535 5
7536 1
7537 2
7538 9
7539 8
7540 8
7541 9
7542 1
7543 6
7544 6
7545 9
7546 5
7547 7
7548 0
7549 6
7550 8
7551 4
7552 0
7553 1
7554 2
7555 2
7556 3
7557 0
7558 1
7559 6
7560 4
7561 1
7562 6
7563 1
7564 6
7565 7
7566 0
7567 2
7568 7
7569 3
7570 8
7571 6
7572 1
7573 4
7574 1
7575 8
7576 2
7577 6
7578 4
7579 4
7580 6
7581 6
7582 3
7583 5
7584 3
7585 0
7586 8
7587 2
7588 1
7589 0
7590 3
7591 5
7592 5
7593 6
7594 2
7595 5
7596 4
7597 0
7598 6
7599 1
7600 3
7601 2
7602 9
7603 1
7604 8
7605 7
7606 8
7607 8
7608 7
7609 1
7610 7
7611 4
7612 2
7613 3
7614 2
7615 2
7616 7
7617 8
7618 3
7619 2
7620 9
7621 7
7622 1
7623 9
7624 2
7625 3
7626 3
7627 9
7628 2
7629 0
7630 1
7631 1
7632 1
7633 2
7634 3
7635 3
7636 8
7637 4
7638 8
7639 5
7640 5
7641 6
7642 8
7643 7
7644 7
7645 8
7646 2
7647 9
7648 0
7649 0
7650 1
7651 1
7652 4
7653 2
7654 2
7655 3
7656 1
7657 4
7658 1
7659 5
7660 3
7661 6
7662 6
7663 7
7664 0
7665 8
7666 3
7667 9
7668 1
7669 0
7670 5
7671 1
7672 3
7673 2
7674 8
7675 3
7676 9
7677 4
7678 3
7679 7
7680 9
7681 8
7682 8
7683 9
7684 6
7685 0
7686 7
7687 0
7688 2
7689 1
7690 9
7691 0
7692 3
7693 1
7694 7
7695 2
7696 1
7697 7
7698 3
7699 5
7700 6
7701 3
7702 9
7703 4
7704 8
7705 4
7706 2
7707 0
7708 0
7709 0
7710 0
7711 6
7712 8
7713 9
7714 9
7715 6
7716 1
7717 6
7718 6
7719 2
7720 1
7721 3
7722 4
7723 4
7724 6
7725 4
7726 4
7727 9
7728 0
7729 1
7730 7
7731 7
7732 2
7733 9
7734 4
7735 5
7736 2
7737 7
7738 5
7739 5
7740 5
7741 6
7742 9
7743 2
7744 6
7745 3
7746 1
7747 1
7748 1
7749 4
7750 8
7751 4
7752 1
7753 0
7754 7
7755 9
7756 9
7757 9
7758 2
7759 6
7760 2
7761 1
7762 3
7763 8
7764 1
7765 3
7766 3
7767 3
7768 8
7769 7
7770 7
7771 3
7772 2
7773 9
7774 9
7775 8
7776 2
7777 8
7778 3
7779 4
7780 2
7781 7
7782 2
7783 7
7784 3
7785 6
7786 0
7787 2
7788 1
7789 1
7790 2
7791 9
7792 2
7793 8
7794 3
7795 7
7796 2
7797 8
7798 9
7799 8
7800 3
7801 2
7802 5
7803 3
7804 4
7805 9
7806 1
7807 0
7808 7
7809 7
7810 8
7811 9
7812 9
7813 0
7814 8
7815 6
7816 0
7817 4
7818 2
7819 1
7820 5
7821 1
7822 9
7823 2
7824 8
7825 8
7826 4
7827 2
7828 1
7829 6
7830 0
7831 1
7832 3
7833 5
7834 1
7835 0
7836 8
7837 1
7838 1
7839 2
7840 5
7841 3
7842 5
7843 4
7844 8
7845 5
7846 0
7847 6
7848 5
7849 7
7850 1
7851 8
7852 7
7853 9
7854 4
7855 0
7856 8
7857 1
7858 0
7859 2
7860 1
7861 3
7862 3
7863 4
7864 4
7865 5
7866 7
7867 6
7868 6
7869 7
7870 2
7871 8
7872 8
7873 9
7874 0
7875 0
7876 1
7877 1
7878 3
7879 2
7880 6
7881 3
7882 0
7883 4
7884 5
7885 5
7886 9
7887 6
7888 5
7889 7
7890 9
7891 8
7892 0
7893 9
7894 0
7895 2
7896 1
7897 2
7898 1
7899 7
7900 5
7901 6
7902 5
7903 4
7904 9
7905 0
7906 7
7907 5
7908 8
7909 8
7910 1
7911 0
7912 1
7913 7
7914 4
7915 3
7916 2
7917 5
7918 8
7919 4
7920 2
7921 1
7922 9
7923 8
7924 8
7925 0
7926 6
7927 5
7928 8
7929 2
7930 0
7931 7
7932 0
7933 2
7934 0
7935 3
7936 9
7937 6
7938 1
7939 2
7940 9
7941 1
7942 2
7943 7
7944 0
7945 7
7946 9
7947 9
7948 0
7949 9
7950 7
7951 1
7952 9
7953 2
7954 0
7955 4
7956 8
7957 6
7958 4
7959 7
7960 2
7961 7
7962 5
7963 5
7964 5
7965 4
7966 3
7967 5
7968 6
7969 0
7970 6
7971 1
7972 6
7973 1
7974 4
7975 9
7976 3
7977 9
7978 0
7979 8
7980 3
7981 0
7982 3
7983 2
7984 4
7985 0
7986 2
7987 3
7988 5
7989 5
7990 6
7991 6
7992 7
7993 1
7994 7
7995 8
7996 1
7997 6
7998 5
7999 4
8000 0
8001 6
8002 2
8003 0
8004 6
8005 9
8006 4
8007 2
8008 8
8009 6
8010 5
8011 4
8012 3
8013 3
8014 3
8015 9
8016 0
8017 3
8018 3
8019 0
8020 7
8021 0
8022 5
8023 5
8024 2
8025 2
8026 4
8027 5
8028 0
8029 8
8030 9
8031 8
8032 1
8033 8
8034 6
8035 9
8036 9
8037 4
8038 7
8039 3
8040 1
8041 4
8042 6
8043 2
8044 7
8045 8
8046 0
8047 8
8048 3
8049 7
8050 0
8051 1
8052 3
8053 1
8054 3
8055 3
8056 5
8057 6
8058 2
8059 9
8060 9
8061 4
8062 5
8063 1
8064 6
8065 3
8066 9
8067 8
8068 7
8069 7
8070 1
8071 6
8072 6
8073 9
8074 6
8075 3
8076 6
8077 3
8078 2
8079 7
8080 1
8081 4
8082 2
8083 1
8084 7
8085 9
8086 4
8087 1
8088 0
8089 0
8090 7
8091 6
8092 1
8093 0
8094 3
8095 1
8096 0
8097 2
8098 0
8099 3
8100 6
8101 4
8102 2
8103 5
8104 5
8105 6
8106 1
8107 7
8108 0
8109 8
8110 0
8111 9
8112 1
8113 0
8114 7
8115 3
8116 0
8117 4
8118 8
8119 5
8120 3
8121 6
8122 3
8123 7
8124 1
8125 8
8126 5
8127 9
8128 5
8129 0
8130 7
8131 1
8132 8
8133 2
8134 0
8135 3
8136 8
8137 7
8138 7
8139 8
8140 6
8141 9
8142 7
8143 7
8144 7
8145 6
8146 6
8147 0
8148 8
8149 6
8150 6
8151 6
8152 2
8153 6
8154 2
8155 9
8156 1
8157 0
8158 0
8159 0
8160 1
8161 1
8162 1
8163 3
8164 3
8165 9
8166 1
8167 7
8168 7
8169 3
8170 7
8171 8
8172 0
8173 5
8174 4
8175 8
8176 1
8177 1
8178 5
8179 4
8180 1
8181 8
8182 7
8183 5
8184 3
8185 1
8186 7
8187 0
8188 3
8189 1
8190 5
8191 6
8192 3
8193 0
8194 1
8195 3
8196 7
8197 8
8198 7
8199 9
8200 3
8201 2
8202 2
8203 1
8204 2
8205 7
8206 6
8207 4
8208 4
8209 5
8210 8
8211 2
8212 2
8213 8
8214 7
8215 4
8216 9
8217 7
8218 1
8219 1
8220 9
8221 8
8222 1
8223 0
8224 6
8225 6
8226 2
8227 3
8228 3
8229 2
8230 3
8231 9
8232 7
8233 0
8234 8
8235 4
8236 3
8237 7
8238 9
8239 4
8240 4
8241 3
8242 8
8243 4
8244 9
8245 5
8246 3
8247 0
8248 7
8249 0
8250 0
8251 2
8252 5
8253 0
8254 3
8255 1
8256 7
8257 2
8258 1
8259 3
8260 5
8261 4
8262 0
8263 5
8264 3
8265 6
8266 4
8267 7
8268 7
8269 8
8270 4
8271 9
8272 0
8273 0
8274 0
8275 1
8276 9
8277 2
8278 4
8279 3
8280 7
8281 4
8282 6
8283 7
8284 0
8285 8
8286 7
8287 9
8288 0
8289 0
8290 6
8291 1
8292 2
8293 2
8294 0
8295 3
8296 1
8297 7
8298 4
8299 8
8300 8
8301 9
8302 7
8303 8
8304 0
8305 6
8306 8
8307 5
8308 9
8309 0
8310 8
8311 6
8312 6
8313 8
8314 6
8315 9
8316 9
8317 4
8318 9
8319 1
8320 5
8321 9
8322 9
8323 0
8324 8
8325 4
8326 6
8327 8
8328 6
8329 9
8330 1
8331 1
8332 1
8333 4
8334 2
8335 0
8336 6
8337 5
8338 3
8339 5
8340 8
8341 4
8342 2
8343 0
8344 4
8345 7
8346 4
8347 6
8348 1
8349 0
8350 3
8351 1
8352 6
8353 7
8354 0
8355 0
8356 9
8357 6
8358 9
8359 8
8360 3
8361 7
8362 7
8363 9
8364 7
8365 8
8366 8
8367 6
8368 0
8369 0
8370 4
8371 8
8372 2
8373 1
8374 2
8375 7
8376 6
8377 7
8378 8
8379 1
8380 4
8381 3
8382 1
8383 1
8384 6
8385 0
8386 8
8387 0
8388 1
8389 7
8390 2
8391 8
8392 5
8393 9
8394 1
8395 3
8396 7
8397 8
8398 6
8399 4
8400 4
8401 7
8402 1
8403 2
8404 9
8405 3
8406 3
8407 6
8408 9
8409 9
8410 6
8411 2
8412 4
8413 2
8414 5
8415 4
8416 9
8417 6
8418 1
8419 5
8420 6
8421 5
8422 1
8423 1
8424 9
8425 3
8426 5
8427 3
8428 2
8429 7
8430 1
8431 8
8432 8
8433 2
8434 5
8435 5
8436 7
8437 7
8438 4
8439 9
8440 9
8441 8
8442 9
8443 2
8444 7
8445 1
8446 2
8447 3
8448 9
8449 0
8450 3
8451 1
8452 1
8453 2
8454 6
8455 3
8456 1
8457 4
8458 4
8459 5
8460 2
8461 6
8462 6
8463 7
8464 1
8465 8
8466 4
8467 9
8468 9
8469 0
8470 2
8471 1
8472 0
8473 2
8474 2
8475 3
8476 7
8477 4
8478 6
8479 5
8480 2
8481 6
8482 8
8483 7
8484 9
8485 8
8486 1
8487 9
8488 6
8489 0
8490 2
8491 1
8492 9
8493 2
8494 3
8495 4
8496 8
8497 6
8498 3
8499 7
8500 6
8501 8
8502 7
8503 9
8504 5
8505 3
8506 1
8507 8
8508 4
8509 0
8510 9
8511 7
8512 1
8513 1
8514 9
8515 0
8516 7
8517 7
8518 9
8519 5
8520 8
8521 5
8522 8
8523 6
8524 3
8525 9
8526 6
8527 0
8528 3
8529 1
8530 1
8531 0
8532 6
8533 0
8534 4
8535 8
8536 8
8537 3
8538 1
8539 4
8540 0
8541 3
8542 1
8543 1
8544 3
8545 0
8546 6
8547 9
8548 5
8549 5
8550 1
8551 3
8552 2
8553 4
8554 3
8555 9
8556 7
8557 3
8558 9
8559 7
8560 4
8561 6
8562 7
8563 9
8564 2
8565 2
8566 7
8567 4
8568 3
8569 5
8570 4
8571 7
8572 7
8573 2
8574 1
8575 1
8576 7
8577 6
8578 1
8579 4
8580 4
8581 9
8582 2
8583 4
8584 8
8585 9
8586 9
8587 4
8588 1
8589 1
8590 6
8591 2
8592 9
8593 2
8594 7
8595 1
8596 7
8597 3
8598 2
8599 2
8600 4
8601 9
8602 1
8603 4
8604 7
8605 3
8606 3
8607 8
8608 9
8609 2
8610 1
8611 2
8612 0
8613 2
8614 2
8615 1
8616 7
8617 2
8618 8
8619 8
8620 9
8621 6
8622 4
8623 5
8624 5
8625 1
8626 9
8627 6
8628 6
8629 7
8630 9
8631 2
8632 2
8633 1
8634 4
8635 3
8636 6
8637 7
8638 6
8639 5
8640 2
8641 9
8642 5
8643 3
8644 4
8645 8
8646 5
8647 7
8648 1
8649 5
8650 4
8651 7
8652 1
8653 0
8654 9
8655 7
8656 5
8657 4
8658 6
8659 8
8660 1
8661 8
8662 8
8663 3
8664 1
8665 7
8666 8
8667 6
8668 5
8669 9
8670 2
8671 9
8672 3
8673 4
8674 9
8675 8
8676 5
8677 4
8678 1
8679 1
8680 8
8681 0
8682 0
8683 6
8684 3
8685 6
8686 8
8687 0
8688 6
8689 1
8690 8
8691 2
8692 6
8693 3
8694 8
8695 4
8696 4
8697 6
8698 7
8699 7
8700 3
8701 8
8702 9
8703 0
8704 1
8705 1
8706 4
8707 2
8708 3
8709 3
8710 3
8711 4
8712 5
8713 5
8714 9
8715 6
8716 3
8717 7
8718 7
8719 8
8720 6
8721 9
8722 8
8723 0
8724 0
8725 1
8726 6
8727 2
8728 5
8729 3
8730 8
8731 5
8732 8
8733 6
8734 5
8735 7
8736 9
8737 4
8738 1
8739 0
8740 2
8741 7
8742 2
8743 2
8744 5
8745 9
8746 8
8747 4
8748 5
8749 2
8750 9
8751 9
8752 2
8753 8
8754 0
8755 4
8756 3
8757 5
8758 7
8759 8
8760 1
8761 8
8762 3
8763 0
8764 8
8765 3
8766 5
8767 5
8768 4
8769 4
8770 6
8771 3
8772 1
8773 3
8774 6
8775 4
8776 9
8777 6
8778 1
8779 5
8780 8
8781 1
8782 8
8783 7
8784 2
8785 8
8786 3
8787 4
8788 0
8789 5
8790 3
8791 7
8792 6
8793 2
8794 3
8795 3
8796 4
8797 6
8798 7
8799 6
8800 3
8801 7
8802 9
8803 7
8804 7
8805 7
8806 1
8807 6
8808 3
8809 0
8810 2
8811 1
8812 0
8813 0
8814 6
8815 1
8816 3
8817 6
8818 3
8819 5
8820 6
8821 3
8822 6
8823 1
8824 3
8825 4
8826 6
8827 7
8828 7
8829 6
8830 3
8831 2
8832 4
8833 2
8834 2
8835 5
8836 1
8837 9
8838 0
8839 1
8840 4
8841 2
8842 4
8843 2
8844 2
8845 7
8846 6
8847 9
8848 6
8849 7
8850 6
8851 9
8852 2
8853 2
8854 4
8855 0
8856 5
8857 4
8858 2
8859 8
8860 6
8861 7
8862 6
8863 0
8864 2
8865 3
8866 7
8867 8
8868 6
8869 4
8870 6
8871 6
8872 4
8873 1
8874 4
8875 4
8876 5
8877 0
8878 2
8879 3
8880 3
8881 6
8882 3
8883 2
8884 3
8885 0
8886 2
8887 4
8888 3
8889 8
8890 4
8891 1
8892 8
8893 3
8894 0
8895 1
8896 0
8897 0
8898 6
8899 9
8900 5
8901 0
8902 9
8903 1
8904 1
8905 2
8906 4
8907 3
8908 6
8909 5
8910 7
8911 6
8912 0
8913 7
8914 4
8915 8
8916 1
8917 0
8918 8
8919 1
8920 8
8921 2
8922 2
8923 3
8924 2
8925 4
8926 0
8927 5
8928 8
8929 6
8930 4
8931 7
8932 0
8933 8
8934 1
8935 0
8936 3
8937 1
8938 5
8939 2
8940 6
8941 3
8942 6
8943 4
8944 4
8945 5
8946 3
8947 6
8948 3
8949 7
8950 4
8951 8
8952 2
8953 9
8954 7
8955 8
8956 4
8957 3
8958 3
8959 7
8960 2
8961 0
8962 4
8963 1
8964 4
8965 7
8966 2
8967 3
8968 9
8969 0
8970 1
8971 9
8972 2
8973 4
8974 6
8975 5
8976 3
8977 2
8978 2
8979 0
8980 7
8981 6
8982 0
8983 2
8984 1
8985 1
8986 5
8987 1
8988 5
8989 1
8990 7
8991 7
8992 1
8993 2
8994 6
8995 4
8996 4
8997 2
8998 9
8999 9
9000 6
9001 7
9002 9
9003 0
9004 3
9005 0
9006 3
9007 7
9008 8
9009 5
9010 6
9011 1
9012 1
9013 1
9014 8
9015 6
9016 6
9017 1
9018 0
9019 8
9020 8
9021 2
9022 7
9023 7
9024 6
9025 4
9026 4
9027 0
9028 5
9029 4
9030 4
9031 2
9032 0
9033 5
9034 0
9035 0
9036 2
9037 3
9038 0
9039 1
9040 4
9041 9
9042 6
9043 1
9044 5
9045 1
9046 4
9047 0
9048 0
9049 6
9050 8
9051 9
9052 7
9053 3
9054 2
9055 0
9056 0
9057 8
9058 6
9059 3
9060 7
9061 9
9062 5
9063 6
9064 5
9065 3
9066 9
9067 0
9068 6
9069 1
9070 9
9071 4
9072 1
9073 5
9074 3
9075 6
9076 8
9077 7
9078 3
9079 8
9080 3
9081 9
9082 7
9083 0
9084 5
9085 1
9086 7
9087 2
9088 8
9089 3
9090 6
9091 4
9092 2
9093 5
9094 6
9095 6
9096 5
9097 7
9098 2
9099 8
9100 4
9101 0
9102 7
9103 1
9104 2
9105 2
9106 1
9107 3
9108 4
9109 4
9110 1
9111 5
9112 8
9113 6
9114 9
9115 7
9116 4
9117 8
9118 9
9119 9
9120 6
9121 1
9122 9
9123 6
9124 5
9125 8
9126 6
9127 9
9128 9
9129 9
9130 1
9131 0
9132 9
9133 1
9134 8
9135 2
9136 1
9137 4
9138 5
9139 4
9140 3
9141 3
9142 0
9143 7
9144 6
9145 4
9146 3
9147 4
9148 4
9149 4
9150 9
9151 0
9152 8
9153 3
9154 8
9155 8
9156 6
9157 7
9158 0
9159 5
9160 5
9161 1
9162 7
9163 5
9164 8
9165 8
9166 0
9167 9
9168 3
9169 2
9170 5
9171 5
9172 4
9173 1
9174 6
9175 1
9176 9
9177 6
9178 8
9179 2
9180 3
9181 1
9182 3
9183 3
9184 3
9185 8
9186 2
9187 6
9188 7
9189 4
9190 4
9191 9
9192 3
9193 2
9194 0
9195 0
9196 0
9197 0
9198 7
9199 1
9200 7
9201 6
9202 6
9203 2
9204 0
9205 5
9206 6
9207 5
9208 8
9209 0
9210 6
9211 2
9212 2
9213 8
9214 7
9215 0
9216 4
9217 6
9218 2
9219 8
9220 8
9221 1
9222 0
9223 7
9224 7
9225 9
9226 3
9227 1
9228 5
9229 9
9230 3
9231 2
9232 5
9233 6
9234 8
9235 7
9236 5
9237 6
9238 9
9239 6
9240 1
9241 8
9242 2
9243 7
9244 6
9245 4
9246 2
9247 9
9248 2
9249 2
9250 8
9251 1
9252 2
9253 3
9254 6
9255 3
9256 1
9257 0
9258 2
9259 5
9260 1
9261 5
9262 6
9263 7
9264 1
9265 9
9266 2
9267 7
9268 3
9269 0
9270 7
9271 2
9272 3
9273 7
9274 7
9275 9
9276 7
9277 1
9278 3
9279 3
9280 6
9281 6
9282 4
9283 7
9284 2
9285 8
9286 7
9287 0
9288 1
9289 3
9290 9
9291 5
9292 1
9293 3
9294 3
9295 6
9296 0
9297 0
9298 1
9299 1
9300 3
9301 2
9302 3
9303 3
9304 9
9305 6
9306 9
9307 7
9308 9
9309 8
9310 0
9311 9
9312 1
9313 0
9314 8
9315 1
9316 6
9317 2
9318 2
9319 3
9320 5
9321 4
9322 0
9323 5
9324 3
9325 6
9326 5
9327 7
9328 5
9329 0
9330 5
9331 1
9332 1
9333 2
9334 8
9335 3
9336 5
9337 4
9338 6
9339 5
9340 5
9341 6
9342 0
9343 7
9344 5
9345 8
9346 9
9347 9
9348 4
9349 8
9350 1
9351 7
9352 5
9353 4
9354 1
9355 3
9356 7
9357 9
9358 8
9359 8
9360 2
9361 8
9362 4
9363 3
9364 8
9365 1
9366 5
9367 5
9368 5
9369 8
9370 4
9371 2
9372 9
9373 7
9374 2
9375 4
9376 5
9377 2
9378 1
9379 6
9380 3
9381 5
9382 7
9383 2
9384 5
9385 4
9386 3
9387 5
9388 4
9389 6
9390 9
9391 4
9392 4
9393 1
9394 9
9395 7
9396 2
9397 5
9398 2
9399 1
9400 3
9401 3
9402 0
9403 3
9404 1
9405 6
9406 0
9407 9
9408 8
9409 6
9410 4
9411 3
9412 3
9413 3
9414 5
9415 1
9416 7
9417 6
9418 3
9419 5
9420 3
9421 6
9422 0
9423 1
9424 3
9425 9
9426 7
9427 3
9428 9
9429 7
9430 1
9431 4
9432 7
9433 7
9434 7
9435 0
9436 4
9437 9
9438 6
9439 0
9440 0
9441 0
9442 4
9443 3
9444 7
9445 7
9446 6
9447 9
9448 9
9449 2
9450 5
9451 0
9452 0
9453 1
9454 7
9455 0
9456 0
9457 1
9458 0
9459 0
9460 6
9461 4
9462 5
9463 0
9464 5
9465 4
9466 3
9467 7
9468 6
9469 9
9470 7
9471 2
9472 2
9473 0
9474 1
9475 6
9476 0
9477 2
9478 0
9479 2
9480 1
9481 9
9482 3
9483 9
9484 2
9485 0
9486 6
9487 1
9488 2
9489 2
9490 8
9491 3
9492 1
9493 4
9494 7
9495 5
9496 4
9497 6
9498 7
9499 7
9500 6
9501 8
9502 7
9503 9
9504 9
9505 0
9506 0
9507 1
9508 2
9509 2
9510 7
9511 3
9512 6
9513 4
9514 5
9515 5
9516 3
9517 6
9518 2
9519 7
9520 3
9521 8
9522 7
9523 0
9524 0
9525 1
9526 6
9527 2
9528 8
9529 3
9530 0
9531 5
9532 9
9533 6
9534 6
9535 7
9536 4
9537 8
9538 7
9539 5
9540 1
9541 4
9542 2
9543 8
9544 0
9545 7
9546 2
9547 4
9548 7
9549 7
9550 1
9551 7
9552 0
9553 3
9554 8
9555 9
9556 6
9557 8
9558 4
9559 8
9560 7
9561 3
9562 1
9563 1
9564 8
9565 5
9566 4
9567 8
9568 5
9569 2
9570 1
9571 7
9572 2
9573 4
9574 6
9575 2
9576 6
9577 6
9578 5
9579 1
9580 6
9581 5
9582 7
9583 2
9584 1
9585 4
9586 4
9587 5
9588 7
9589 5
9590 1
9591 8
9592 3
9593 6
9594 8
9595 4
9596 6
9597 4
9598 7
9599 1
9600 2
9601 8
9602 3
9603 7
9604 2
9605 5
9606 7
9607 5
9608 8
9609 1
9610 3
9611 8
9612 3
9613 9
9614 9
9615 1
9616 1
9617 3
9618 1
9619 6
9620 3
9621 3
9622 1
9623 3
9624 3
9625 2
9626 4
9627 2
9628 1
9629 6
9630 9
9631 9
9632 4
9633 9
9634 4
9635 6
9636 3
9637 3
9638 3
9639 3
9640 8
9641 8
9642 9
9643 1
9644 7
9645 6
9646 5
9647 5
9648 3
9649 6
9650 8
9651 8
9652 5
9653 1
9654 9
9655 9
9656 7
9657 7
9658 2
9659 6
9660 7
9661 8
9662 6
9663 3
9664 3
9665 7
9666 0
9667 4
9668 2
9669 7
9670 3
9671 0
9672 2
9673 9
9674 1
9675 0
9676 7
9677 0
9678 1
9679 3
9680 3
9681 7
9682 2
9683 9
9684 5
9685 3
9686 8
9687 0
9688 0
9689 2
9690 5
9691 0
9692 6
9693 1
9694 8
9695 0
9696 3
9697 1
9698 0
9699 0
9700 6
9701 4
9702 6
9703 0
9704 4
9705 1
9706 3
9707 0
9708 9
9709 4
9710 0
9711 7
9712 2
9713 9
9714 4
9715 2
9716 7
9717 0
9718 4
9719 6
9720 0
9721 2
9722 2
9723 6
9724 7
9725 2
9726 8
9727 2
9728 9
9729 9
9730 3
9731 9
9732 8
9733 0
9734 1
9735 1
9736 2
9737 2
9738 5
9739 3
9740 7
9741 4
9742 0
9743 5
9744 0
9745 6
9746 4
9747 7
9748 2
9749 8
9750 0
9751 9
9752 9
9753 0
9754 9
9755 1
9756 2
9757 2
9758 9
9759 3
9760 6
9761 4
9762 8
9763 5
9764 8
9765 6
9766 3
9767 7
9768 7
9769 8
9770 5
9771 9
9772 2
9773 0
9774 7
9775 1
9776 2
9777 2
9778 3
9779 3
9780 2
9781 4
9782 8
9783 5
9784 9
9785 6
9786 3
9787 7
9788 7
9789 8
9790 0
9791 9
9792 8
9793 7
9794 8
9795 4
9796 1
9797 3
9798 6
9799 8
9800 5
9801 5
9802 6
9803 1
9804 1
9805 8
9806 0
9807 5
9808 6
9809 2
9810 9
9811 8
9812 3
9813 6
9814 5
9815 1
9816 6
9817 9
9818 6
9819 2
9820 0
9821 4
9822 0
9823 0
9824 5
9825 9
9826 2
9827 9
9828 6
9829 3
9830 2
9831 7
9832 8
9833 7
9834 0
9835 9
9836 2
9837 1
9838 9
9839 8
9840 0
9841 2
9842 1
9843 7
9844 8
9845 5
9846 9
9847 8
9848 3
9849 5
9850 2
9851 3
9852 8
9853 2
9854 7
9855 2
9856 1
9857 0
9858 5
9859 5
9860 6
9861 8
9862 2
9863 6
9864 3
9865 0
9866 8
9867 4
9868 3
9869 0
9870 9
9871 3
9872 6
9873 8
9874 0
9875 1
9876 9
9877 0
9878 7
9879 3
9880 4
9881 0
9882 7
9883 4
9884 1
9885 7
9886 7
9887 4
9888 7
9889 9
9890 0
9891 2
9892 6
9893 9
9894 2
9895 1
9896 9
9897 2
9898 5
9899 5
9900 8
9901 7
9902 1
9903 1
9904 3
9905 7
9906 1
9907 1
9908 7
9909 6
9910 1
9911 7
9912 2
9913 3
9914 0
9915 3
9916 3
9917 6
9918 8
9919 5
9920 4
9921 6
9922 0
9923 2
9924 8
9925 8
9926 6
9927 7
9928 6
9929 6
9930 1
9931 4
9932 3
9933 9
9934 0
9935 8
9936 8
9937 8
9938 9
9939 2
9940 4
9941 9
9942 1
9943 6
9944 8
9945 5
9946 6
9947 5
9948 8
9949 9
9950 9
9951 5
9952 8
9953 3
9954 7
9955 7
9956 8
9957 4
9958 5
9959 3
9960 1
9961 6
9962 2
9963 0
9964 2
9965 0
9966 0
9967 6
9968 9
9969 9
9970 8
9971 0
9972 2
9973 1
9974 3
9975 1
9976 4
9977 3
9978 0
9979 2
9980 4
9981 1
9982 8
9983 0
9984 4
9985 0
9986 0
9987 1
9988 7
9989 2
9990 7
9991 3
9992 7
9993 4
9994 0
9995 5
9996 8
9997 6
9998 9
9999 7
